$ 1 0.000005 58.6985430941709 50 5 50 5e-11
t 784 256 784 304 1 1 0.6185991501674192 0.6387684026836723 100 default
w 896 304 864 304 0
w 720 416 720 272 0
t 736 368 736 416 0 -1 0.5763661750766121 -0.6250641875092979 100 default
R 832 416 912 416 0 0 40 5 0 0 0.5
w 832 416 800 416 0
w 720 208 720 272 0
g 896 304 896 336 0 0
R 752 176 832 176 0 0 40 5 0 0 0.5
w 720 208 784 256 0
r 576 256 576 192 0 2000
r 736 304 736 368 0 10000
w 800 304 864 304 0
r 736 304 832 416 0 10000
r 752 176 880 224 0 20
w 32 192 128 192 0
w 192 192 128 192 0
w 128 288 176 288 0
L 32 192 -64 192 0 1 false 5 0
w 96 256 96 224 0
w 208 288 272 288 0
R 128 288 128 352 0 0 40 5 0 0 0.5
r 272 288 272 352 0 1000
r 192 192 192 240 0 1000
d 672 256 720 272 2 default
d 656 304 736 304 2 default
w 256 192 496 192 0
w 496 192 496 272 0
w 496 272 656 256 0
t 192 240 192 288 1 -1 4.9999999847 -5.100000421975892e-9 100 default
g 272 352 272 384 0 0
w 336 288 624 304 0
r 192 192 256 192 0 1000
r 272 288 336 288 0 1000
r 768 304 736 304 0 2000
d 784 448 752 448 2 default
r 608 368 544 368 0 1000
g 656 416 656 448 0 0
r 848 240 928 288 0 1000
r 800 416 752 416 0 1000
r 720 416 656 416 0 1000
o 6 64 0 4099 1.25 0.0125 0 2 6 3
