$ 1 0.000005 0.02528395958047465 36 5 43 5e-11
L 464 288 464 256 0 0 false 5 0
L 368 288 368 256 0 0 false 5 0
t 464 320 464 400 1 1 -0.023743606980617393 0 100 default
t 368 320 368 400 1 1 -0.023743606980617393 0 100 default
w 368 320 480 400 0
w 464 320 384 400 0
r 464 320 464 288 0 1000
r 368 320 368 288 0 1000
w 432 432 352 400 1
w 432 432 448 400 2
w 368 288 256 336 0
w 464 288 272 368 0
t 192 336 128 336 0 1 0.020742845220790763 -2.0950273674218347 100 default
t 224 384 128 384 0 1 0.0002034007152977857 -2.136313684887473 100 default
w 128 352 128 368 0
w 464 624 448 592 0
w 464 624 352 592 2
t 464 544 464 592 1 1 -0.02357724631272351 0.000014331072287099289 100 default
t 368 544 368 592 1 1 -0.02359157738501061 -0.000014331072287099289 100 default
R 416 464 368 464 0 0 40 5 0 0 0.5
L 304 288 304 256 0 0 false 5 0
w 304 288 304 512 0
t 432 432 432 464 1 -1 -0.09269907785595866 -0.22753499677581335 100 default
t 432 672 432 720 1 -1 -0.0891729327780082 -0.2582357186335251 100 default
g 544 720 576 720 0 0
r 512 720 544 720 0 1000
162 448 720 512 720 2 default-led 1 0 0 0.01
g 560 496 592 496 0 0
R 416 720 384 720 0 0 40 5 0 0 0.5
r 464 512 560 496 0 1000
r 448 720 480 752 0 1000
w 480 752 544 720 0
t 128 464 48 464 0 -1 -0.723218304179797 -0.7477127017546037 100 default
R 48 400 48 336 0 0 40 5 0 0 0.5
w 48 400 48 448 0
w 128 400 128 464 0
g 128 288 80 288 0 0
w 128 288 128 320 0
x 481 686 526 689 4 24 sum
r 192 336 256 336 0 1000
r 224 384 272 368 0 1000
w 432 640 464 624 0
t 256 560 192 560 0 1 0.000882543115349077 -0.08825720209488244 100 default
t 256 624 192 624 0 1 0.04216608473546987 -0.005690147752844321 100 default
w 192 608 192 576 0
g 192 512 144 512 0 0
w 112 608 112 656 0
R 112 608 112 544 0 0 40 5 0 0 0.5
t 160 672 112 672 0 -1 -0.047196227711928884 -0.07169062528673553 100 default
w 192 544 192 512 0
w 192 672 192 640 0
w 304 608 256 624 2
d 288 528 256 560 2 default
d 400 640 304 608 2 default
w 400 640 416 496 0
d 304 512 368 512 2 default
d 448 464 464 512 2 default
r 336 480 368 512 0 1000
g 336 480 336 464 0 0
w 192 736 192 672 2
r 288 528 304 512 0 1000
r 416 496 448 464 0 1000
w 432 672 432 640 2
r 160 672 192 672 0 1000
w 464 512 464 544 0
w 368 512 368 544 0
r 464 624 496 624 0 1000
R 496 624 544 624 0 0 40 5 0 0 0.5
w 480 592 368 544 0
w 384 592 464 544 0
w 48 480 48 688 0
w 112 688 48 688 0
r 48 688 -16 688 0 1000
g -16 688 -48 688 0 0
162 48 784 112 784 2 default-led 1 0 0 0.01
r 112 784 144 784 0 1000
g 144 784 176 784 0 0
w 48 784 48 688 0
x 84 755 177 758 4 24 carry\sout
x 253 230 289 233 4 24 Cin
t 1136 416 1136 480 0 1 -0.0004844202356065752 0.04853890760410173 100 default
t 1232 416 1232 480 0 1 -0.00048442023560656133 0.04853890760410175 100 default
g 1120 480 1120 512 0 0
g 1216 480 1216 512 0 0
w 1152 480 1168 480 0
w 1248 480 1264 480 0
r 1280 480 1280 432 0 1000
r 1184 480 1184 432 0 1000
R 1280 432 1312 432 0 0 40 5 0 0 0.5
r 1136 416 1136 384 0 5000
r 1232 416 1232 384 0 5000
w 1264 432 1264 400 0
w 1264 400 1168 400 0
w 1168 400 1136 384 0
w 1168 480 1168 384 0
w 1168 384 1232 384 0
w 1168 480 1184 480 0
w 1280 480 1264 480 0
w 1264 480 1264 432 0
w 1280 432 1184 432 0
L 1136 352 1136 320 0 0 false 5 0
L 1232 352 1232 320 0 0 false 5 0
d 1232 352 1232 384 2 default
d 1136 352 1136 384 2 default
d 1424 352 1424 384 2 default
d 1520 352 1520 384 2 default
L 1520 352 1520 320 0 0 false 5 0
L 1424 352 1424 320 0 0 false 5 0
w 1568 432 1472 432 0
w 1552 480 1552 432 0
w 1568 480 1552 480 0
w 1456 480 1472 480 0
w 1456 384 1520 384 0
w 1456 480 1456 384 0
w 1456 400 1424 384 0
w 1552 400 1456 400 0
w 1552 432 1552 400 0
r 1520 416 1520 384 0 5000
r 1424 416 1424 384 0 5000
R 1568 432 1600 432 0 0 40 5 0 0 0.5
r 1472 480 1472 432 0 1000
r 1568 480 1568 432 0 1000
w 1536 480 1552 480 0
w 1440 480 1456 480 0
g 1504 480 1504 512 0 0
g 1408 480 1408 512 0 0
t 1520 416 1520 480 0 1 -0.00048442023560656133 0.04853890760410174 100 default
t 1424 416 1424 480 0 1 -0.00048442023560656827 0.048538907604101726 100 default
t 1712 416 1712 480 0 1 -0.0004844202356065752 0.04853890760410173 100 default
t 1808 416 1808 480 0 1 -0.00048442023560656133 0.04853890760410175 100 default
g 1696 480 1696 512 0 0
g 1792 480 1792 512 0 0
w 1728 480 1744 480 0
w 1824 480 1840 480 0
r 1856 480 1856 432 0 1000
r 1760 480 1760 432 0 1000
R 1856 432 1888 432 0 0 40 5 0 0 0.5
r 1712 416 1712 384 0 5000
r 1808 416 1808 384 0 5000
w 1840 432 1840 400 0
w 1840 400 1744 400 0
w 1744 400 1712 384 0
w 1744 480 1744 384 0
w 1744 384 1808 384 0
w 1744 480 1760 480 0
w 1856 480 1840 480 0
w 1840 480 1840 432 0
w 1856 432 1760 432 0
L 1712 352 1712 320 0 0 false 5 0
L 1808 352 1808 320 0 0 false 5 0
d 1808 352 1808 384 2 default
d 1712 352 1712 384 2 default
t 2256 416 2256 480 0 1 -0.0004844202356065752 0.04853890760410173 100 default
t 2352 416 2352 480 0 1 -0.00048442023560656133 0.04853890760410175 100 default
g 2240 480 2240 512 0 0
g 2336 480 2336 512 0 0
w 2272 480 2288 480 0
w 2368 480 2384 480 0
r 2400 480 2400 432 0 1000
r 2304 480 2304 432 0 1000
R 2400 432 2432 432 0 0 40 5 0 0 0.5
r 2256 416 2256 384 0 5000
r 2352 416 2352 384 0 5000
w 2384 432 2384 400 0
w 2384 400 2288 400 0
w 2288 400 2256 384 0
w 2288 480 2288 384 0
w 2288 384 2352 384 0
w 2288 480 2304 480 0
w 2400 480 2384 480 0
w 2384 480 2384 432 0
w 2400 432 2304 432 0
L 2256 352 2256 320 0 0 false 5 0
L 2352 352 2352 320 0 0 false 5 0
d 2352 352 2352 384 2 default
d 2256 352 2256 384 2 default
d 1968 352 1968 384 2 default
d 2064 352 2064 384 2 default
L 2064 352 2064 320 0 0 false 5 0
L 1968 352 1968 320 0 0 false 5 0
w 2112 432 2016 432 0
w 2096 480 2096 432 0
w 2112 480 2096 480 0
w 2000 480 2016 480 0
w 2000 384 2064 384 0
w 2000 480 2000 384 0
w 2000 400 1968 384 0
w 2096 400 2000 400 0
w 2096 432 2096 400 0
r 2064 416 2064 384 0 5000
r 1968 416 1968 384 0 5000
R 2112 432 2144 432 0 0 40 5 0 0 0.5
r 2016 480 2016 432 0 1000
r 2112 480 2112 432 0 1000
w 2080 480 2096 480 0
w 1984 480 2000 480 0
g 2048 480 2048 512 0 0
g 1952 480 1952 512 0 0
t 2064 416 2064 480 0 1 -0.00048442023560656133 0.04853890760410174 100 default
t 1968 416 1968 480 0 1 -0.00048442023560656827 0.048538907604101726 100 default
t 2752 416 2752 480 0 1 -0.0004844202356065752 0.04853890760410173 100 default
t 2848 416 2848 480 0 1 -0.00048442023560656133 0.04853890760410175 100 default
g 2736 480 2736 512 0 0
g 2832 480 2832 512 0 0
w 2768 480 2784 480 0
w 2864 480 2880 480 0
r 2896 480 2896 432 0 1000
r 2800 480 2800 432 0 1000
R 2896 432 2928 432 0 0 40 5 0 0 0.5
r 2752 416 2752 384 0 5000
r 2848 416 2848 384 0 5000
w 2880 432 2880 400 0
w 2880 400 2784 400 0
w 2784 400 2752 384 0
w 2784 480 2784 384 0
w 2784 384 2848 384 0
w 2784 480 2800 480 0
w 2896 480 2880 480 0
w 2880 480 2880 432 0
w 2896 432 2800 432 0
L 2752 352 2752 320 0 0 false 5 0
L 2848 352 2848 320 0 0 false 5 0
d 2848 352 2848 384 2 default
d 2752 352 2752 384 2 default
d 3040 352 3040 384 2 default
d 3136 352 3136 384 2 default
L 3136 352 3136 320 0 0 false 5 0
L 3040 352 3040 320 0 0 false 5 0
w 3184 432 3088 432 0
w 3168 480 3168 432 0
w 3184 480 3168 480 0
w 3072 480 3088 480 0
w 3072 384 3136 384 0
w 3072 480 3072 384 0
w 3072 400 3040 384 0
w 3168 400 3072 400 0
w 3168 432 3168 400 0
r 3136 416 3136 384 0 5000
r 3040 416 3040 384 0 5000
R 3184 432 3216 432 0 0 40 5 0 0 0.5
r 3088 480 3088 432 0 1000
r 3184 480 3184 432 0 1000
w 3152 480 3168 480 0
w 3056 480 3072 480 0
g 3120 480 3120 512 0 0
g 3024 480 3024 512 0 0
t 3136 416 3136 480 0 1 -0.00048442023560656133 0.04853890760410174 100 default
t 3040 416 3040 480 0 1 -0.00048442023560656827 0.048538907604101726 100 default
d 2496 352 2496 384 2 default
d 2592 352 2592 384 2 default
L 2592 352 2592 320 0 0 false 5 0
L 2496 352 2496 320 0 0 false 5 0
w 2640 432 2544 432 0
w 2624 480 2624 432 0
w 2640 480 2624 480 0
w 2528 480 2544 480 0
w 2528 384 2592 384 0
w 2528 480 2528 384 0
w 2528 400 2496 384 0
w 2624 400 2528 400 0
w 2624 432 2624 400 0
r 2592 416 2592 384 0 5000
r 2496 416 2496 384 0 5000
R 2640 432 2672 432 0 0 40 5 0 0 0.5
r 2544 480 2544 432 0 1000
r 2640 480 2640 432 0 1000
w 2608 480 2624 480 0
w 2512 480 2528 480 0
g 2576 480 2576 512 0 0
g 2480 480 2480 512 0 0
t 2592 416 2592 480 0 1 -0.00048442023560656133 0.04853890760410174 100 default
t 2496 416 2496 480 0 1 -0.00048442023560656827 0.048538907604101726 100 default
t 1136 960 1136 1024 0 1 -0.0004844202356065752 0.04853890760410173 100 default
t 1232 960 1232 1024 0 1 -0.00048442023560656133 0.04853890760410175 100 default
g 1120 1024 1120 1056 0 0
g 1216 1024 1216 1056 0 0
w 1152 1024 1168 1024 0
w 1248 1024 1264 1024 0
r 1280 1024 1280 976 0 1000
r 1184 1024 1184 976 0 1000
R 1280 976 1312 976 0 0 40 5 0 0 0.5
r 1136 960 1136 928 0 5000
r 1232 960 1232 928 0 5000
w 1264 976 1264 944 0
w 1264 944 1168 944 0
w 1168 944 1136 928 0
w 1168 1024 1168 928 0
w 1168 928 1232 928 0
w 1168 1024 1184 1024 0
w 1280 1024 1264 1024 0
w 1264 1024 1264 976 0
w 1280 976 1184 976 0
L 1136 896 1136 864 0 0 false 5 0
L 1232 896 1232 864 0 0 false 5 0
d 1232 896 1232 928 2 default
d 1136 896 1136 928 2 default
t 1648 960 1648 1024 0 1 -0.0004844202356065752 0.04853890760410173 100 default
t 1744 960 1744 1024 0 1 -0.00048442023560656133 0.04853890760410175 100 default
g 1632 1024 1632 1056 0 0
g 1728 1024 1728 1056 0 0
w 1664 1024 1680 1024 0
w 1760 1024 1776 1024 0
r 1792 1024 1792 976 0 1000
r 1696 1024 1696 976 0 1000
R 1792 976 1824 976 0 0 40 5 0 0 0.5
r 1648 960 1648 928 0 5000
r 1744 960 1744 928 0 5000
w 1776 976 1776 944 0
w 1776 944 1680 944 0
w 1680 944 1648 928 0
w 1680 1024 1680 928 0
w 1680 928 1744 928 0
w 1680 1024 1696 1024 0
w 1792 1024 1776 1024 0
w 1776 1024 1776 976 0
w 1792 976 1696 976 0
L 1648 896 1648 864 0 0 false 5 0
L 1744 896 1744 864 0 0 false 5 0
d 1744 896 1744 928 2 default
d 1648 896 1648 928 2 default
d 1392 896 1392 928 2 default
d 1488 896 1488 928 2 default
L 1488 896 1488 864 0 0 false 5 0
L 1392 896 1392 864 0 0 false 5 0
w 1536 976 1440 976 0
w 1520 1024 1520 976 0
w 1536 1024 1520 1024 0
w 1424 1024 1440 1024 0
w 1424 928 1488 928 0
w 1424 1024 1424 928 0
w 1424 944 1392 928 0
w 1520 944 1424 944 0
w 1520 976 1520 944 0
r 1488 960 1488 928 0 5000
r 1392 960 1392 928 0 5000
R 1536 976 1568 976 0 0 40 5 0 0 0.5
r 1440 1024 1440 976 0 1000
r 1536 1024 1536 976 0 1000
w 1504 1024 1520 1024 0
w 1408 1024 1424 1024 0
g 1472 1024 1472 1056 0 0
g 1376 1024 1376 1056 0 0
t 1488 960 1488 1024 0 1 -0.00048442023560656133 0.04853890760410174 100 default
t 1392 960 1392 1024 0 1 -0.00048442023560656827 0.048538907604101726 100 default
x 1133 792 1362 795 4 32 address\sregister
x 59 120 121 123 4 32 ALU
L 2128 944 2064 944 0 0 false 5 0
L 2128 1008 2064 1008 0 0 false 5 0
L 2128 1072 2064 1072 0 0 false 5 0
M 2304 880 2304 832 0 2.5
w 2128 1008 2272 1008 0
w 2128 944 2272 944 0
w 2128 1072 2272 1072 0
d 2272 1072 2224 1056 2 default
d 2272 1008 2224 992 2 default
d 2272 944 2224 928 2 default
t 2256 832 2256 880 0 1 -0.0004884471637061558 0.048532892272656725 100 default
w 2224 1056 2224 992 0
w 2224 992 2224 928 0
w 2224 928 2224 832 0
g 2240 880 2240 896 0 0
r 2224 832 2256 832 0 1000
R 2288 912 2240 912 0 0 40 5 0 0 0.5
r 2288 912 2288 880 0 1000
w 2272 880 2288 880 0
w 2288 880 2304 880 0
w 2432 880 2448 880 0
w 2416 880 2432 880 0
r 2432 912 2432 880 0 1000
R 2432 912 2384 912 0 0 40 5 0 0 0.5
r 2368 832 2400 832 0 1000
g 2384 880 2384 896 0 0
w 2368 928 2368 832 0
w 2368 992 2368 928 0
w 2368 1056 2368 992 0
t 2400 832 2400 880 0 1 -0.00048489996802386637 0.04853995154327049 100 default
d 2416 944 2368 928 2 default
d 2416 1008 2368 992 2 default
w 2272 1072 2416 1072 0
w 2272 944 2416 944 0
w 2272 1008 2416 1008 0
M 2448 880 2448 832 0 2.5
t 2416 1088 2416 1120 0 1 -0.0018860319127257108 0.09430159562114297 100 default
g 2400 1120 2400 1136 0 0
r 2432 1120 2432 1152 0 500
R 2432 1152 2400 1152 0 0 40 5 0 0 0.5
r 2416 1072 2416 1088 0 1000
d 2432 1120 2368 1056 2 default
M 2592 880 2592 832 0 2.5
w 2416 1008 2560 1008 0
w 2416 944 2560 944 0
w 2416 1072 2560 1072 0
d 2560 1072 2512 1056 2 default
d 2560 944 2512 928 2 default
t 2544 832 2544 880 0 1 -0.00048489996802386637 0.04853995154327049 100 default
w 2512 1056 2512 992 0
w 2512 992 2512 928 0
w 2512 928 2512 832 0
g 2528 880 2528 896 0 0
r 2512 832 2544 832 0 1000
R 2576 912 2528 912 0 0 40 5 0 0 0.5
r 2576 912 2576 880 0 1000
w 2560 880 2576 880 0
w 2576 880 2592 880 0
t 2560 1024 2560 1056 0 1 -0.0018860319127257108 0.09430159562114297 100 default
g 2544 1056 2544 1072 0 0
r 2576 1056 2576 1088 0 500
R 2576 1088 2544 1088 0 0 40 5 0 0 0.5
r 2560 1008 2560 1024 0 1000
d 2576 1056 2512 992 2 default
d 2720 1056 2656 992 2 default
r 2704 1008 2704 1024 0 1000
R 2720 1088 2688 1088 0 0 40 5 0 0 0.5
r 2720 1056 2720 1088 0 500
g 2688 1056 2688 1072 0 0
t 2704 1024 2704 1056 0 1 -0.001886032481160635 0.09430162404289032 100 default
w 2720 880 2736 880 0
w 2704 880 2720 880 0
r 2720 912 2720 880 0 1000
R 2720 912 2672 912 0 0 40 5 0 0 0.5
r 2656 832 2688 832 0 1000
g 2672 880 2672 896 0 0
w 2656 928 2656 832 0
w 2656 992 2656 928 0
w 2656 1056 2656 992 0
t 2688 832 2688 880 0 1 -0.0004814023711786075 0.0485469121072878 100 default
d 2704 944 2656 928 2 default
w 2560 1072 2704 1072 0
w 2560 944 2704 944 0
w 2560 1008 2704 1008 0
M 2736 880 2736 832 0 2.5
d 2720 1120 2656 1056 2 default
r 2704 1072 2704 1088 0 1000
R 2720 1152 2688 1152 0 0 40 5 0 0 0.5
r 2720 1120 2720 1152 0 500
g 2688 1120 2688 1136 0 0
t 2704 1088 2704 1120 0 1 -0.0018860324811606627 0.09430162404289032 100 default
M 2880 880 2880 832 0 2.5
w 2704 1008 2848 1008 0
w 2704 944 2848 944 0
w 2704 1072 2848 1072 0
d 2848 1072 2800 1056 2 default
t 2832 832 2832 880 0 1 -0.00048489996802386637 0.04853995154327049 100 default
w 2800 1056 2800 992 0
w 2800 992 2800 928 0
w 2800 928 2800 832 0
g 2816 880 2816 896 0 0
r 2800 832 2832 832 0 1000
R 2864 912 2816 912 0 0 40 5 0 0 0.5
r 2864 912 2864 880 0 1000
w 2848 880 2864 880 0
w 2864 880 2880 880 0
d 2848 1008 2800 992 2 default
d 2864 992 2800 928 2 default
r 2848 944 2848 960 0 1000
R 2864 1024 2832 1024 0 0 40 5 0 0 0.5
r 2864 992 2864 1024 0 500
g 2832 992 2832 1008 0 0
t 2848 960 2848 992 0 1 -0.0018860319127257108 0.09430159562114296 100 default
t 2992 960 2992 992 0 1 -0.0018860324811606627 0.09430162404289028 100 default
g 2976 992 2976 1008 0 0
r 3008 992 3008 1024 0 500
R 3008 1024 2976 1024 0 0 40 5 0 0 0.5
r 2992 944 2992 960 0 1000
d 3008 992 2944 928 2 default
d 2992 1008 2944 992 2 default
w 3008 880 3024 880 0
w 2992 880 3008 880 0
r 3008 912 3008 880 0 1000
R 3008 912 2960 912 0 0 40 5 0 0 0.5
r 2944 832 2976 832 0 1000
g 2960 880 2960 896 0 0
w 2944 928 2944 832 0
w 2944 992 2944 928 0
w 2944 1056 2944 992 0
t 2976 832 2976 880 0 1 -0.0004814023711786075 0.0485469121072878 100 default
w 2848 1072 2992 1072 0
w 2848 944 2992 944 0
w 2848 1008 2992 1008 0
M 3024 880 3024 832 0 2.5
d 3008 1120 2944 1056 2 default
r 2992 1072 2992 1088 0 1000
R 3008 1152 2976 1152 0 0 40 5 0 0 0.5
r 3008 1120 3008 1152 0 500
g 2976 1120 2976 1136 0 0
t 2992 1088 2992 1120 0 1 -0.001886032481160635 0.0943016240428903 100 default
M 3168 880 3168 832 0 2.5
w 2992 1008 3136 1008 0
w 2992 944 3136 944 0
w 2992 1072 3136 1072 0
t 3120 832 3120 880 0 1 -0.00048140237117859364 0.04854691210728781 100 default
w 3088 1056 3088 992 0
w 3088 992 3088 928 0
w 3088 928 3088 832 0
g 3104 880 3104 896 0 0
r 3088 832 3120 832 0 1000
R 3152 912 3104 912 0 0 40 5 0 0 0.5
r 3152 912 3152 880 0 1000
w 3136 880 3152 880 0
w 3152 880 3168 880 0
d 3136 1072 3088 1056 2 default
d 3152 992 3088 928 2 default
r 3136 944 3136 960 0 1000
R 3152 1024 3120 1024 0 0 40 5 0 0 0.5
r 3152 992 3152 1024 0 500
g 3120 992 3120 1008 0 0
t 3136 960 3136 992 0 1 -0.0018860324811606627 0.09430162404289029 100 default
d 3152 1056 3088 992 2 default
r 3136 1008 3136 1024 0 1000
R 3152 1088 3120 1088 0 0 40 5 0 0 0.5
r 3152 1056 3152 1088 0 500
g 3120 1056 3120 1072 0 0
t 3136 1024 3136 1056 0 1 -0.001886032481160635 0.09430162404289033 100 default
o 26 4 0 4098 2.5 0.1 0 2 26 3
o 55 4 0 4099 5 0.00009765625 1 2 55 3
