$ 1 0.000005 0.02528395958047465 36 5 43 5e-11
L 464 288 464 256 0 0 false 5 0
L 368 288 368 256 0 0 false 5 0
t 464 320 464 400 1 1 -4.738924142484955 0 100 default
t 368 320 368 400 1 1 -4.738924142484955 0 100 default
w 368 320 480 400 0
w 464 320 384 400 0
r 464 320 464 288 0 1000
r 368 320 368 288 0 1000
w 432 432 352 400 1
w 432 432 448 400 2
w 368 288 256 336 0
w 464 288 272 368 0
t 192 336 128 336 0 1 1.616950134201044e-11 -1.516950142069519 100 default
t 224 384 128 384 0 1 -1.5169501404200683 -4.767019924409033 100 default
w 128 352 128 368 0
w 464 624 448 592 0
w 464 624 352 592 2
t 464 544 464 592 1 1 -4.999997533569511 0.000002430764176003584 100 default
t 368 544 368 592 1 1 -4.999999964333687 -0.000002430764176003584 100 default
R 416 464 368 464 0 0 40 5 0 0 0.5
L 304 288 304 256 0 0 false 5 0
w 304 288 304 512 0
t 432 432 432 464 1 -1 4.738193397911071 -0.26107584783719684 100 default
t 432 672 432 720 1 -1 4.999999964300015 -2.5499995004452103e-8 100 default
g 544 720 576 720 0 0
r 512 720 544 720 0 1000
162 448 720 512 720 2 default-led 1 0 0 0.01
g 560 496 592 496 0 0
R 416 720 384 720 0 0 40 5 0 0 0.5
r 464 512 560 496 0 1000
r 448 720 480 752 0 1000
w 480 752 544 720 0
t 128 464 48 464 0 -1 4.767018273481264 -0.23298007392534625 100 default
R 48 400 48 336 0 0 40 5 0 0 0.5
w 48 400 48 448 0
w 128 400 128 464 0
g 128 288 80 288 0 0
w 128 288 128 320 0
x 481 686 526 689 4 24 sum
r 192 336 256 336 0 1000
r 224 384 272 368 0 1000
w 432 640 464 624 0
t 256 560 192 560 0 1 4.895989581769945e-9 -1.5171933326610738 100 default
t 256 624 192 624 0 1 -1.5164620791920975 -4.766289448145288 100 default
w 192 608 192 576 0
g 192 512 144 512 0 0
w 112 608 112 656 0
R 112 608 112 544 0 0 40 5 0 0 0.5
t 160 672 112 672 0 -1 4.767019057215355 -0.2329792901912553 100 default
w 192 544 192 512 0
w 192 672 192 640 0
w 304 608 256 624 2
d 288 528 256 560 2 default
d 400 640 304 608 2 default
w 400 640 416 496 0
d 304 512 368 512 2 default
d 448 464 464 512 2 default
r 336 480 368 512 0 1000
g 336 480 336 464 0 0
w 192 736 192 672 2
r 288 528 304 512 0 1000
r 416 496 448 464 0 1000
w 432 672 432 640 2
r 160 672 192 672 0 1000
w 464 512 464 544 0
w 368 512 368 544 0
r 464 624 496 624 0 1000
R 496 624 544 624 0 0 40 5 0 0 0.5
w 480 592 368 544 0
w 384 592 464 544 0
w 48 480 48 688 0
w 112 688 48 688 0
r 48 688 -16 688 0 1000
g -16 688 -48 688 0 0
162 48 784 112 784 2 default-led 1 0 0 0.01
r 112 784 144 784 0 1000
g 144 784 176 784 0 0
w 48 784 48 688 0
x 84 755 177 758 4 24 carry\sout
x 253 230 289 233 4 24 Cin
t 1136 416 1136 480 0 1 -4.215607605693794 0.058089616841506486 100 default
t 1232 416 1232 480 0 1 0.5849509639837045 0.643040559292321 100 default
g 1120 480 1120 512 0 0
g 1216 480 1216 512 0 0
w 1152 480 1168 480 0
w 1248 480 1264 480 0
r 1280 480 1280 432 0 1000
r 1184 480 1184 432 0 1000
R 1280 432 1312 432 0 0 40 5 0 0 0.5
r 1136 416 1136 384 0 5000
r 1232 416 1232 384 0 5000
w 1264 432 1264 400 0
w 1264 400 1168 400 0
w 1168 400 1136 384 0
w 1168 480 1168 384 0
w 1168 384 1232 384 0
w 1168 480 1184 480 0
w 1280 480 1264 480 0
w 1264 480 1264 432 0
w 1280 432 1184 432 0
L 1136 352 1136 320 0 0 false 5 0
L 1232 352 1232 320 0 0 false 5 0
d 1232 352 1232 384 2 default
d 1136 352 1136 384 2 default
d 1424 352 1424 384 2 default
d 1520 352 1520 384 2 default
L 1520 352 1520 320 0 0 false 5 0
L 1424 352 1424 320 0 0 false 5 0
w 1568 432 1472 432 0
w 1552 480 1552 432 0
w 1568 480 1552 480 0
w 1456 480 1472 480 0
w 1456 384 1520 384 0
w 1456 480 1456 384 0
w 1456 400 1424 384 0
w 1552 400 1456 400 0
w 1552 432 1552 400 0
r 1520 416 1520 384 0 5000
r 1424 416 1424 384 0 5000
R 1568 432 1600 432 0 0 40 5 0 0 0.5
r 1472 480 1472 432 0 1000
r 1568 480 1568 432 0 1000
w 1536 480 1552 480 0
w 1440 480 1456 480 0
g 1504 480 1504 512 0 0
g 1408 480 1408 512 0 0
t 1520 416 1520 480 0 1 0.5849509639837049 0.6430405592923211 100 default
t 1424 416 1424 480 0 1 -4.215607605693795 0.05808961684150595 100 default
t 1712 416 1712 480 0 1 0.5849509639837045 0.6430405592923208 100 default
t 1808 416 1808 480 0 1 -4.215607605693794 0.05808961684150636 100 default
g 1696 480 1696 512 0 0
g 1792 480 1792 512 0 0
w 1728 480 1744 480 0
w 1824 480 1840 480 0
r 1856 480 1856 432 0 1000
r 1760 480 1760 432 0 1000
R 1856 432 1888 432 0 0 40 5 0 0 0.5
r 1712 416 1712 384 0 5000
r 1808 416 1808 384 0 5000
w 1840 432 1840 400 0
w 1840 400 1744 400 0
w 1744 400 1712 384 0
w 1744 480 1744 384 0
w 1744 384 1808 384 0
w 1744 480 1760 480 0
w 1856 480 1840 480 0
w 1840 480 1840 432 0
w 1856 432 1760 432 0
L 1712 352 1712 320 0 0 false 5 0
L 1808 352 1808 320 0 0 false 5 0
d 1808 352 1808 384 2 default
d 1712 352 1712 384 2 default
t 2256 416 2256 480 0 1 0.5849509639837052 0.643040559292321 100 default
t 2352 416 2352 480 0 1 -4.215607605693795 0.05808961684150579 100 default
g 2240 480 2240 512 0 0
g 2336 480 2336 512 0 0
w 2272 480 2288 480 0
w 2368 480 2384 480 0
r 2400 480 2400 432 0 1000
r 2304 480 2304 432 0 1000
R 2400 432 2432 432 0 0 40 5 0 0 0.5
r 2256 416 2256 384 0 5000
r 2352 416 2352 384 0 5000
w 2384 432 2384 400 0
w 2384 400 2288 400 0
w 2288 400 2256 384 0
w 2288 480 2288 384 0
w 2288 384 2352 384 0
w 2288 480 2304 480 0
w 2400 480 2384 480 0
w 2384 480 2384 432 0
w 2400 432 2304 432 0
L 2256 352 2256 320 0 0 false 5 0
L 2352 352 2352 320 0 0 false 5 0
d 2352 352 2352 384 2 default
d 2256 352 2256 384 2 default
d 1968 352 1968 384 2 default
d 2064 352 2064 384 2 default
L 2064 352 2064 320 0 0 false 5 0
L 1968 352 1968 320 0 0 false 5 0
w 2112 432 2016 432 0
w 2096 480 2096 432 0
w 2112 480 2096 480 0
w 2000 480 2016 480 0
w 2000 384 2064 384 0
w 2000 480 2000 384 0
w 2000 400 1968 384 0
w 2096 400 2000 400 0
w 2096 432 2096 400 0
r 2064 416 2064 384 0 5000
r 1968 416 1968 384 0 5000
R 2112 432 2144 432 0 0 40 5 0 0 0.5
r 2016 480 2016 432 0 1000
r 2112 480 2112 432 0 1000
w 2080 480 2096 480 0
w 1984 480 2000 480 0
g 2048 480 2048 512 0 0
g 1952 480 1952 512 0 0
t 2064 416 2064 480 0 1 -4.215607605693795 0.05808961684150555 100 default
t 1968 416 1968 480 0 1 0.5849509639837059 0.6430405592923211 100 default
t 2752 416 2752 480 0 1 0.5849509639837045 0.6430405592923208 100 default
t 2848 416 2848 480 0 1 -4.215607605693794 0.05808961684150636 100 default
g 2736 480 2736 512 0 0
g 2832 480 2832 512 0 0
w 2768 480 2784 480 0
w 2864 480 2880 480 0
r 2896 480 2896 432 0 1000
r 2800 480 2800 432 0 1000
R 2896 432 2928 432 0 0 40 5 0 0 0.5
r 2752 416 2752 384 0 5000
r 2848 416 2848 384 0 5000
w 2880 432 2880 400 0
w 2880 400 2784 400 0
w 2784 400 2752 384 0
w 2784 480 2784 384 0
w 2784 384 2848 384 0
w 2784 480 2800 480 0
w 2896 480 2880 480 0
w 2880 480 2880 432 0
w 2896 432 2800 432 0
L 2752 352 2752 320 0 0 false 5 0
L 2848 352 2848 320 0 0 false 5 0
d 2848 352 2848 384 2 default
d 2752 352 2752 384 2 default
d 3040 352 3040 384 2 default
d 3136 352 3136 384 2 default
L 3136 352 3136 320 0 0 false 5 0
L 3040 352 3040 320 0 0 false 5 0
w 3184 432 3088 432 0
w 3168 480 3168 432 0
w 3184 480 3168 480 0
w 3072 480 3088 480 0
w 3072 384 3136 384 0
w 3072 480 3072 384 0
w 3072 400 3040 384 0
w 3168 400 3072 400 0
w 3168 432 3168 400 0
r 3136 416 3136 384 0 5000
r 3040 416 3040 384 0 5000
R 3184 432 3216 432 0 0 40 5 0 0 0.5
r 3088 480 3088 432 0 1000
r 3184 480 3184 432 0 1000
w 3152 480 3168 480 0
w 3056 480 3072 480 0
g 3120 480 3120 512 0 0
g 3024 480 3024 512 0 0
t 3136 416 3136 480 0 1 -4.215607605693794 0.0580896168415069 100 default
t 3040 416 3040 480 0 1 0.5849509639837046 0.643040559292321 100 default
d 2496 352 2496 384 2 default
d 2592 352 2592 384 2 default
L 2592 352 2592 320 0 0 false 5 0
L 2496 352 2496 320 0 0 false 5 0
w 2640 432 2544 432 0
w 2624 480 2624 432 0
w 2640 480 2624 480 0
w 2528 480 2544 480 0
w 2528 384 2592 384 0
w 2528 480 2528 384 0
w 2528 400 2496 384 0
w 2624 400 2528 400 0
w 2624 432 2624 400 0
r 2592 416 2592 384 0 5000
r 2496 416 2496 384 0 5000
R 2640 432 2672 432 0 0 40 5 0 0 0.5
r 2544 480 2544 432 0 1000
r 2640 480 2640 432 0 1000
w 2608 480 2624 480 0
w 2512 480 2528 480 0
g 2576 480 2576 512 0 0
g 2480 480 2480 512 0 0
t 2592 416 2592 480 0 1 -4.215607605693794 0.058089616841506354 100 default
t 2496 416 2496 480 0 1 0.5849509639837049 0.643040559292321 100 default
t 1136 960 1136 1024 0 1 0.5849509639837039 0.6430405592923208 100 default
t 1232 960 1232 1024 0 1 -4.215607605693794 0.05808961684150697 100 default
g 1120 1024 1120 1056 0 0
g 1216 1024 1216 1056 0 0
w 1152 1024 1168 1024 0
w 1248 1024 1264 1024 0
r 1280 1024 1280 976 0 1000
r 1184 1024 1184 976 0 1000
R 1280 976 1312 976 0 0 40 5 0 0 0.5
r 1136 960 1136 928 0 5000
r 1232 960 1232 928 0 5000
w 1264 976 1264 944 0
w 1264 944 1168 944 0
w 1168 944 1136 928 0
w 1168 1024 1168 928 0
w 1168 928 1232 928 0
w 1168 1024 1184 1024 0
w 1280 1024 1264 1024 0
w 1264 1024 1264 976 0
w 1280 976 1184 976 0
L 1136 896 1136 864 0 0 false 5 0
L 1232 896 1232 864 0 0 false 5 0
d 1232 896 1232 928 2 default
d 1136 896 1136 928 2 default
t 1648 960 1648 1024 0 1 0.5849509639837048 0.643040559292321 100 default
t 1744 960 1744 1024 0 1 -4.215607605693794 0.058089616841506216 100 default
g 1632 1024 1632 1056 0 0
g 1728 1024 1728 1056 0 0
w 1664 1024 1680 1024 0
w 1760 1024 1776 1024 0
r 1792 1024 1792 976 0 1000
r 1696 1024 1696 976 0 1000
R 1792 976 1824 976 0 0 40 5 0 0 0.5
r 1648 960 1648 928 0 5000
r 1744 960 1744 928 0 5000
w 1776 976 1776 944 0
w 1776 944 1680 944 0
w 1680 944 1648 928 0
w 1680 1024 1680 928 0
w 1680 928 1744 928 0
w 1680 1024 1696 1024 0
w 1792 1024 1776 1024 0
w 1776 1024 1776 976 0
w 1792 976 1696 976 0
L 1648 896 1648 864 0 0 false 5 0
L 1744 896 1744 864 0 0 false 5 0
d 1744 896 1744 928 2 default
d 1648 896 1648 928 2 default
d 1392 896 1392 928 2 default
d 1488 896 1488 928 2 default
L 1488 896 1488 864 0 0 false 5 0
L 1392 896 1392 864 0 0 false 5 0
w 1536 976 1440 976 0
w 1520 1024 1520 976 0
w 1536 1024 1520 1024 0
w 1424 1024 1440 1024 0
w 1424 928 1488 928 0
w 1424 1024 1424 928 0
w 1424 944 1392 928 0
w 1520 944 1424 944 0
w 1520 976 1520 944 0
r 1488 960 1488 928 0 5000
r 1392 960 1392 928 0 5000
R 1536 976 1568 976 0 0 40 5 0 0 0.5
r 1440 1024 1440 976 0 1000
r 1536 1024 1536 976 0 1000
w 1504 1024 1520 1024 0
w 1408 1024 1424 1024 0
g 1472 1024 1472 1056 0 0
g 1376 1024 1376 1056 0 0
t 1488 960 1488 1024 0 1 -4.215607605693795 0.05808961684150555 100 default
t 1392 960 1392 1024 0 1 0.5849509639837059 0.6430405592923211 100 default
x 1133 792 1362 795 4 32 address\sregister
x 59 120 121 123 4 32 ALU
L 2160 944 2096 944 0 0 false 5 0
L 2160 1008 2096 1008 0 0 false 5 0
L 2160 1072 2096 1072 0 0 false 5 0
M 2256 784 2256 736 0 2.5
M 2384 848 2384 800 0 2.5
w 2160 1008 2256 1008 0
w 2160 944 2256 944 0
w 2160 1072 2256 1072 0
d 2256 1072 2224 1056 2 default
d 2256 1008 2224 992 2 default
d 2256 944 2224 928 2 default
t 2272 832 2272 880 0 1 0 0 100 default
w 2224 1056 2224 992 0
w 2224 992 2224 928 0
w 2224 928 2224 832 0
g 2256 880 2256 896 0 0
r 2224 832 2272 832 0 1000
o 26 4 0 4098 0.0000762939453125 0.1 0 2 26 3
o 55 4 0 4099 0.0000762939453125 0.00009765625 1 2 55 3
