$ 1 0.000005 0.22070718156067046 9 5 43 5e-11
w 2128 1008 2272 1008 0
w 2128 944 2272 944 0
w 2128 1072 2272 1072 0
d 2272 1072 2224 1056 2 default
d 2272 1008 2224 992 2 default
d 2272 944 2224 928 2 default
w 2224 1056 2224 992 0
w 2224 992 2224 928 0
w 2368 992 2368 928 0
w 2368 1056 2368 992 0
d 2416 944 2368 928 2 default
d 2416 1008 2368 992 2 default
w 2272 1072 2416 1072 0
w 2272 944 2416 944 0
w 2272 1008 2416 1008 0
t 2416 1088 2416 1120 0 1 -4.503938948823119 0.48799202671703207 100 default
g 2400 1120 2400 1136 0 0
r 2432 1120 2432 1152 0 500
R 2432 1152 2400 1152 0 0 40 5 0 0 0.5
r 2416 1072 2416 1088 0 1000
d 2432 1120 2368 1056 2 default
w 2416 1008 2560 1008 0
w 2416 944 2560 944 0
w 2416 1072 2560 1072 0
d 2560 1072 2512 1056 2 default
d 2560 944 2512 928 2 default
w 2512 1056 2512 992 0
w 2512 992 2512 928 0
t 2560 1024 2560 1056 0 1 -4.503938948823189 0.4879920267169812 100 default
g 2544 1056 2544 1072 0 0
r 2576 1056 2576 1088 0 500
R 2576 1088 2544 1088 0 0 40 5 0 0 0.5
r 2560 1008 2560 1024 0 1000
d 2576 1056 2512 992 2 default
d 2720 1056 2656 992 2 default
r 2704 1008 2704 1024 0 1000
R 2720 1088 2688 1088 0 0 40 5 0 0 0.5
r 2720 1056 2720 1088 0 500
g 2688 1056 2688 1072 0 0
t 2704 1024 2704 1056 0 1 -4.504110384104726 0.48799202671715164 100 default
w 2656 992 2656 928 0
w 2656 1056 2656 992 0
d 2704 944 2656 928 2 default
w 2560 1072 2704 1072 0
w 2560 944 2704 944 0
w 2560 1008 2704 1008 0
d 2720 1120 2656 1056 2 default
r 2704 1072 2704 1088 0 1000
R 2720 1152 2688 1152 0 0 40 5 0 0 0.5
r 2720 1120 2720 1152 0 500
g 2688 1120 2688 1136 0 0
t 2704 1088 2704 1120 0 1 -4.504110384104655 0.48799202671720243 100 default
w 2704 1008 2848 1008 0
w 2704 944 2848 944 0
w 2704 1072 2848 1072 0
d 2848 1072 2800 1056 2 default
w 2800 1056 2800 992 0
w 2800 992 2800 928 0
d 2848 1008 2800 992 2 default
d 2864 992 2800 928 2 default
r 2848 944 2848 960 0 1000
R 2864 1024 2832 1024 0 0 40 5 0 0 0.5
r 2864 992 2864 1024 0 500
g 2832 992 2832 1008 0 0
t 2848 960 2848 992 0 1 -4.503938948823174 0.48799202671700004 100 default
t 2992 960 2992 992 0 1 -4.504110384104697 0.48799202671717035 100 default
g 2976 992 2976 1008 0 0
r 3008 992 3008 1024 0 500
R 3008 1024 2976 1024 0 0 40 5 0 0 0.5
r 2992 944 2992 960 0 1000
d 3008 992 2944 928 2 default
d 2992 1008 2944 992 2 default
w 2944 992 2944 928 0
w 2944 1056 2944 992 0
w 2848 1072 2992 1072 0
w 2848 944 2992 944 0
w 2848 1008 2992 1008 0
d 3008 1120 2944 1056 2 default
r 2992 1072 2992 1088 0 1000
R 3008 1152 2976 1152 0 0 40 5 0 0 0.5
r 3008 1120 3008 1152 0 500
g 2976 1120 2976 1136 0 0
t 2992 1088 2992 1120 0 1 -4.504110384104661 0.4879920267172023 100 default
w 2992 1008 3136 1008 0
w 2992 944 3136 944 0
w 2992 1072 3136 1072 0
w 3088 1056 3088 992 0
w 3088 992 3088 928 0
d 3136 1072 3088 1056 2 default
d 3152 992 3088 928 2 default
r 3136 944 3136 960 0 1000
R 3152 1024 3120 1024 0 0 40 5 0 0 0.5
r 3152 992 3152 1024 0 500
g 3120 992 3120 1008 0 0
t 3136 960 3136 992 0 1 -4.504110384104704 0.4879920267171701 100 default
d 3152 1056 3088 992 2 default
r 3136 1008 3136 1024 0 1000
R 3152 1088 3120 1088 0 0 40 5 0 0 0.5
r 3152 1056 3152 1088 0 500
g 3120 1056 3120 1072 0 0
t 3136 1024 3136 1056 0 1 -4.504110384104724 0.4879920267171515 100 default
t 3280 1024 3280 1056 0 1 -4.504167529198567 0.4879920267172083 100 default
g 3264 1056 3264 1072 0 0
r 3296 1056 3296 1088 0 500
R 3296 1088 3264 1088 0 0 40 5 0 0 0.5
r 3280 1008 3280 1024 0 1000
d 3296 1056 3232 992 2 default
t 3280 960 3280 992 0 1 -4.504167529198551 0.4879920267172269 100 default
g 3264 992 3264 1008 0 0
r 3296 992 3296 1024 0 500
R 3296 1024 3264 1024 0 0 40 5 0 0 0.5
r 3280 944 3280 960 0 1000
d 3296 992 3232 928 2 default
w 3232 992 3232 928 0
w 3232 1056 3232 992 0
w 3136 1072 3280 1072 0
w 3136 944 3280 944 0
w 3136 1008 3280 1008 0
t 3280 1088 3280 1120 0 1 -4.504167529198506 0.4879920267172593 100 default
g 3264 1120 3264 1136 0 0
r 3296 1120 3296 1152 0 500
R 3296 1152 3264 1152 0 0 40 5 0 0 0.5
r 3280 1072 3280 1088 0 1000
d 3296 1120 3232 1056 2 default
207 2128 1072 2048 1072 4 addr0_lsb
207 2128 1008 2048 1008 4 addr1
207 2128 880 2048 880 4 addr3_msb
d 4448 1120 4384 1056 2 default
r 4432 1072 4432 1088 0 1000
R 4448 1152 4416 1152 0 0 40 5 0 0 0.5
r 4448 1120 4448 1152 0 500
g 4416 1120 4416 1136 0 0
t 4432 1088 4432 1120 0 1 -4.504181562279493 0.48799202671727326 100 default
w 4288 1008 4432 1008 0
w 4288 944 4432 944 0
w 4288 1072 4432 1072 0
w 4384 1056 4384 992 0
w 4384 992 4384 928 0
d 4448 992 4384 928 2 default
r 4432 944 4432 960 0 1000
R 4448 1024 4416 1024 0 0 40 5 0 0 0.5
r 4448 992 4448 1024 0 500
g 4416 992 4416 1008 0 0
t 4432 960 4432 992 0 1 -4.504181562279537 0.48799202671724085 100 default
d 4448 1056 4384 992 2 default
r 4432 1008 4432 1024 0 1000
R 4448 1088 4416 1088 0 0 40 5 0 0 0.5
r 4448 1056 4448 1088 0 500
g 4416 1056 4416 1072 0 0
t 4432 1024 4432 1056 0 1 -4.504181562279555 0.4879920267172223 100 default
t 4288 1024 4288 1056 0 1 -4.50414015191688 0.487992026717181 100 default
g 4272 1056 4272 1072 0 0
r 4304 1056 4304 1088 0 500
R 4304 1088 4272 1088 0 0 40 5 0 0 0.5
r 4288 1008 4288 1024 0 1000
d 4304 1056 4240 992 2 default
t 4288 960 4288 992 0 1 -4.504140151916856 0.48799202671719966 100 default
g 4272 992 4272 1008 0 0
r 4304 992 4304 1024 0 500
R 4304 1024 4272 1024 0 0 40 5 0 0 0.5
r 4288 944 4288 960 0 1000
d 4304 992 4240 928 2 default
d 4288 1072 4240 1056 2 default
w 4240 992 4240 928 0
w 4240 1056 4240 992 0
w 4144 1072 4288 1072 0
w 4144 944 4288 944 0
w 4144 1008 4288 1008 0
t 4144 1088 4144 1120 0 1 -4.504140151916816 0.48799202671723196 100 default
g 4128 1120 4128 1136 0 0
r 4160 1120 4160 1152 0 500
R 4160 1152 4128 1152 0 0 40 5 0 0 0.5
r 4144 1072 4144 1088 0 1000
d 4160 1120 4096 1056 2 default
w 4000 1008 4144 1008 0
w 4000 944 4144 944 0
w 4000 1072 4144 1072 0
w 4096 1056 4096 992 0
w 4096 992 4096 928 0
d 4144 1008 4096 992 2 default
d 4160 992 4096 928 2 default
r 4144 944 4144 960 0 1000
R 4160 1024 4128 1024 0 0 40 5 0 0 0.5
r 4160 992 4160 1024 0 500
g 4128 992 4128 1008 0 0
t 4144 960 4144 992 0 1 -4.504140151916859 0.48799202671719766 100 default
t 4000 960 4000 992 0 1 -4.504040541197869 0.48799202671710423 100 default
g 3984 992 3984 1008 0 0
r 4016 992 4016 1024 0 500
R 4016 1024 3984 1024 0 0 40 5 0 0 0.5
r 4000 944 4000 960 0 1000
d 4016 992 3952 928 2 default
d 4000 1008 3952 992 2 default
w 3952 992 3952 928 0
w 3952 1056 3952 992 0
d 4000 1072 3952 1056 2 default
w 3856 1072 4000 1072 0
w 3856 944 4000 944 0
w 3856 1008 4000 1008 0
t 3856 1088 3856 1120 0 1 -4.504140151916816 0.48799202671723096 100 default
g 3840 1120 3840 1136 0 0
r 3872 1120 3872 1152 0 500
R 3872 1152 3840 1152 0 0 40 5 0 0 0.5
r 3856 1072 3856 1088 0 1000
d 3872 1120 3808 1056 2 default
w 3712 1008 3856 1008 0
w 3712 944 3856 944 0
w 3712 1072 3856 1072 0
d 3856 944 3808 928 2 default
w 3808 1056 3808 992 0
w 3808 992 3808 928 0
t 3856 1024 3856 1056 0 1 -4.5041401519168796 0.4879920267171814 100 default
g 3840 1056 3840 1072 0 0
r 3872 1056 3872 1088 0 500
R 3872 1088 3840 1088 0 0 40 5 0 0 0.5
r 3856 1008 3856 1024 0 1000
d 3872 1056 3808 992 2 default
d 3728 1056 3664 992 2 default
r 3712 1008 3712 1024 0 1000
R 3728 1088 3696 1088 0 0 40 5 0 0 0.5
r 3728 1056 3728 1088 0 500
g 3696 1056 3696 1072 0 0
t 3712 1024 3712 1056 0 1 -4.504040541197899 0.4879920267170814 100 default
w 3664 992 3664 928 0
w 3664 1056 3664 992 0
d 3712 944 3664 928 2 default
d 3712 1072 3664 1056 2 default
w 3568 1072 3712 1072 0
w 3568 944 3712 944 0
w 3568 1008 3712 1008 0
d 3584 1120 3520 1056 2 default
r 3568 1072 3568 1088 0 1000
R 3584 1152 3552 1152 0 0 40 5 0 0 0.5
r 3584 1120 3584 1152 0 500
g 3552 1120 3552 1136 0 0
t 3568 1088 3568 1120 0 1 -4.504040541197828 0.4879920267171363 100 default
w 3424 1008 3568 1008 0
w 3424 944 3568 944 0
w 3424 1072 3568 1072 0
d 3568 1008 3520 992 2 default
d 3568 944 3520 928 2 default
w 3520 1056 3520 992 0
w 3520 992 3520 928 0
w 3376 992 3376 928 0
w 3376 1056 3376 992 0
d 3424 944 3376 928 2 default
d 3424 1008 3376 992 2 default
d 3424 1072 3376 1056 2 default
w 3280 1072 3424 1072 0
w 3280 944 3424 944 0
w 3280 1008 3424 1008 0
w 2560 880 2704 880 0
d 2704 880 2656 864 2 default
w 2656 928 2656 864 0
w 2512 928 2512 864 0
d 2560 880 2512 864 2 default
w 2416 880 2560 880 0
w 2272 880 2416 880 0
d 2416 880 2368 864 2 default
w 2368 928 2368 864 0
w 2224 928 2224 864 0
d 2272 880 2224 864 2 default
w 2128 880 2272 880 0
w 2704 880 2848 880 0
d 2848 880 2800 864 2 default
w 2800 928 2800 864 0
w 2944 928 2944 864 0
d 2992 880 2944 864 2 default
w 2848 880 2992 880 0
w 2992 880 3136 880 0
d 3136 880 3088 864 2 default
w 3088 928 3088 864 0
w 3232 928 3232 864 0
d 3280 880 3232 864 2 default
w 3136 880 3280 880 0
t 3312 816 3312 848 0 1 -4.410002873156625 0.5372841709253923 100 default
g 3296 848 3296 864 0 0
r 3328 848 3328 880 0 500
R 3328 880 3296 880 0 0 40 5 0 0 0.5
r 3312 800 3312 816 0 1000
w 3280 880 3280 800 0
w 3280 800 3312 800 0
w 3328 848 3408 848 0
d 3408 848 3376 928 2 default
w 3376 928 3376 768 0
w 3520 928 3520 768 0
d 3552 848 3520 928 2 default
w 3408 848 3552 848 0
w 3552 848 3696 848 0
d 3696 848 3664 928 2 default
w 3664 928 3664 768 0
w 3696 848 3840 848 0
d 3840 848 3808 928 2 default
w 3808 928 3808 768 0
w 3840 848 3984 848 0
d 3984 848 3952 928 2 default
w 3952 928 3952 768 0
w 3984 848 4128 848 0
d 4128 848 4096 928 2 default
w 4096 928 4096 768 0
w 4128 848 4272 848 0
d 4272 848 4240 928 2 default
w 4240 928 4240 768 0
w 4272 848 4416 848 0
d 4416 848 4384 928 2 default
w 4384 928 4384 768 0
w 3232 864 3232 768 0
w 3088 864 3088 768 0
w 2944 864 2944 768 0
w 2800 864 2800 768 0
w 2656 864 2656 768 0
w 2512 864 2512 768 0
w 2368 864 2368 768 0
w 2224 864 2224 768 0
207 2128 944 2048 944 4 addr2
207 2224 768 2224 704 4 0
207 2368 768 2368 704 4 1
207 2656 768 2656 704 4 3
207 2512 768 2512 704 4 2
207 3088 768 3088 704 4 6
207 3232 768 3232 704 4 7
207 2944 768 2944 704 4 5
207 2800 768 2800 704 4 4
207 3952 768 3952 704 4 12
207 4096 768 4096 704 4 13
207 4384 768 4384 704 4 15
207 4240 768 4240 704 4 14
207 3664 768 3664 704 4 10
207 3808 768 3808 704 4 11
207 3520 768 3520 704 4 9
207 3376 768 3376 704 4 8
