$ 1 0.000005 0.016668213447794653 9 5 43 5e-11
L 464 288 464 256 0 0 false 5 0
L 368 288 368 256 0 0 false 5 0
t 464 320 464 400 1 1 -4.738924142484958 -1.6543612251060553e-24 100 default
t 368 320 368 400 1 1 -4.738924142484958 1.6543612251060553e-24 100 default
w 368 320 480 400 0
w 464 320 384 400 0
r 464 320 464 288 0 1000
r 368 320 368 288 0 1000
w 432 432 352 400 1
w 432 432 448 400 2
w 368 288 256 336 0
w 464 288 272 368 0
t 192 336 128 336 0 1 1.6169501342010626e-11 -1.5169501420695175 100 default
t 224 384 128 384 0 1 -1.5169501404200667 -4.767019924409029 100 default
w 128 352 128 368 0
w 464 624 448 592 0
w 464 624 352 592 2
t 464 544 464 592 1 1 -4.999997533569511 0.0000024307641760042086 100 default
t 368 544 368 592 1 1 -4.999999964333687 -0.0000024307641760042086 100 default
R 416 464 368 464 0 0 40 5 0 0 0.5
L 304 288 304 256 0 0 false 5 0
w 304 288 304 512 0
t 432 432 432 464 1 -1 4.738193397911074 -0.2610758478371942 100 default
t 432 672 432 720 1 -1 4.999999964300015 -2.5499995004452103e-8 100 default
g 544 720 576 720 0 0
r 512 720 544 720 0 1000
162 448 720 512 720 2 default-led 1 0 0 0.01
g 560 496 592 496 0 0
R 416 720 384 720 0 0 40 5 0 0 0.5
r 464 512 560 496 0 1000
r 448 720 480 752 0 1000
w 480 752 544 720 0
t 128 464 48 464 0 -1 4.7670182734813356 -0.2329800739253507 100 default
R 48 400 48 336 0 0 40 5 0 0 0.5
w 48 400 48 448 0
w 128 400 128 464 0
g 128 288 80 288 0 0
w 128 288 128 320 0
x 481 686 526 689 4 24 sum
r 192 336 256 336 0 1000
r 224 384 272 368 0 1000
w 432 640 464 624 0
t 256 560 192 560 0 1 4.89598958284559e-9 -1.517193333414413 100 default
t 256 624 192 624 0 1 -1.5164620799454362 -4.766289450551436 100 default
w 192 608 192 576 0
g 192 512 144 512 0 0
w 112 608 112 656 0
R 112 608 112 544 0 0 40 5 0 0 0.5
t 160 672 112 672 0 -1 4.767019059621579 -0.23297928778510713 100 default
w 192 544 192 512 0
w 192 672 192 640 0
w 304 608 256 624 2
d 288 528 256 560 2 default
d 400 640 304 608 2 default
w 400 640 416 496 0
d 304 512 368 512 2 default
d 448 464 464 512 2 default
r 336 480 368 512 0 1000
g 336 480 336 464 0 0
w 192 736 192 672 2
r 288 528 304 512 0 1000
r 416 496 448 464 0 1000
w 432 672 432 640 2
r 160 672 192 672 0 1000
w 464 512 464 544 0
w 368 512 368 544 0
r 464 624 496 624 0 1000
R 496 624 544 624 0 0 40 5 0 0 0.5
w 480 592 368 544 0
w 384 592 464 544 0
w 48 480 48 688 0
w 112 688 48 688 0
r 48 688 -16 688 0 1000
g -16 688 -48 688 0 0
162 48 784 112 784 2 default-led 1 0 0 0.01
r 112 784 144 784 0 1000
g 144 784 176 784 0 0
w 48 784 48 688 0
x 84 755 177 758 4 24 carry\sout
x 253 230 289 233 4 24 Cin
x 59 120 121 123 4 32 ALU
L 2128 944 2064 944 0 0 false 5 0
L 2128 1008 2064 1008 0 0 false 5 0
L 2128 1072 2064 1072 0 0 false 5 0
w 2128 1008 2272 1008 0
w 2128 944 2272 944 0
w 2128 1072 2272 1072 0
d 2272 1072 2224 1056 2 default
d 2272 1008 2224 992 2 default
d 2272 944 2224 928 2 default
t 2256 832 2256 880 0 1 0.0678293620164458 0.06797968819702321 100 default
w 2224 1056 2224 992 0
w 2224 992 2224 928 0
w 2224 928 2224 832 0
g 2240 880 2240 896 0 0
r 2224 832 2256 832 0 1000
w 2416 880 2432 880 0
r 2432 912 2480 880 0 1000
r 2368 832 2400 832 0 1000
g 2384 880 2384 896 0 0
w 2368 928 2368 832 0
w 2368 992 2368 928 0
w 2368 1056 2368 992 0
t 2400 832 2400 880 0 1 0.6120104531486671 0.6299380239686052 100 default
d 2416 944 2368 928 2 default
d 2416 1008 2368 992 2 default
w 2272 1072 2416 1072 0
w 2272 944 2416 944 0
w 2272 1008 2416 1008 0
M 2480 880 2480 832 0 2.5
t 2416 1088 2416 1120 0 1 -3.074690982742758 3.1746909825882702e-9 100 default
g 2400 1120 2400 1136 0 0
r 2432 1120 2432 1152 0 500
R 2432 1152 2400 1152 0 0 40 5 0 0 0.5
r 2416 1072 2416 1088 0 1000
d 2432 1120 2368 1056 2 default
w 2416 1008 2560 1008 0
w 2416 944 2560 944 0
w 2416 1072 2560 1072 0
d 2560 1072 2512 1056 2 default
d 2560 944 2512 928 2 default
w 2512 1056 2512 992 0
w 2512 992 2512 928 0
t 2560 1024 2560 1056 0 1 -3.0746909827427578 3.17469098258827e-9 100 default
g 2544 1056 2544 1072 0 0
r 2576 1056 2576 1088 0 500
R 2576 1088 2544 1088 0 0 40 5 0 0 0.5
r 2560 1008 2560 1024 0 1000
d 2576 1056 2512 992 2 default
d 2720 1056 2656 992 2 default
r 2704 1008 2704 1024 0 1000
R 2720 1088 2688 1088 0 0 40 5 0 0 0.5
r 2720 1056 2720 1088 0 500
g 2688 1056 2688 1072 0 0
t 2704 1024 2704 1056 0 1 -3.7119617245608265 3.8119617243753275e-9 100 default
w 2656 992 2656 928 0
w 2656 1056 2656 992 0
d 2704 944 2656 928 2 default
w 2560 1072 2704 1072 0
w 2560 944 2704 944 0
w 2560 1008 2704 1008 0
d 2720 1120 2656 1056 2 default
r 2704 1072 2704 1088 0 1000
R 2720 1152 2688 1152 0 0 40 5 0 0 0.5
r 2720 1120 2720 1152 0 500
g 2688 1120 2688 1136 0 0
t 2704 1088 2704 1120 0 1 -3.7119617245608265 3.811961724375328e-9 100 default
w 2704 1008 2848 1008 0
w 2704 944 2848 944 0
w 2704 1072 2848 1072 0
d 2848 1072 2800 1056 2 default
w 2800 1056 2800 992 0
w 2800 992 2800 928 0
d 2848 1008 2800 992 2 default
d 2864 992 2800 928 2 default
r 2848 944 2848 960 0 1000
R 2864 1024 2832 1024 0 0 40 5 0 0 0.5
r 2864 992 2864 1024 0 500
g 2832 992 2832 1008 0 0
t 2848 960 2848 992 0 1 -3.0746909827427578 3.17469098258827e-9 100 default
t 2992 960 2992 992 0 1 -3.711961724560828 3.811961724375328e-9 100 default
g 2976 992 2976 1008 0 0
r 3008 992 3008 1024 0 500
R 3008 1024 2976 1024 0 0 40 5 0 0 0.5
r 2992 944 2992 960 0 1000
d 3008 992 2944 928 2 default
d 2992 1008 2944 992 2 default
w 2944 992 2944 928 0
w 2944 1056 2944 992 0
w 2848 1072 2992 1072 0
w 2848 944 2992 944 0
w 2848 1008 2992 1008 0
d 3008 1120 2944 1056 2 default
r 2992 1072 2992 1088 0 1000
R 3008 1152 2976 1152 0 0 40 5 0 0 0.5
r 3008 1120 3008 1152 0 500
g 2976 1120 2976 1136 0 0
t 2992 1088 2992 1120 0 1 -3.7119617245608274 3.811961724375328e-9 100 default
w 2992 1008 3136 1008 0
w 2992 944 3136 944 0
w 2992 1072 3136 1072 0
w 3088 1056 3088 992 0
w 3088 992 3088 928 0
d 3136 1072 3088 1056 2 default
d 3152 992 3088 928 2 default
r 3136 944 3136 960 0 1000
R 3152 1024 3120 1024 0 0 40 5 0 0 0.5
r 3152 992 3152 1024 0 500
g 3120 992 3120 1008 0 0
t 3136 960 3136 992 0 1 -3.711961724560817 3.8119617243753184e-9 100 default
d 3152 1056 3088 992 2 default
r 3136 1008 3136 1024 0 1000
R 3152 1088 3120 1088 0 0 40 5 0 0 0.5
r 3152 1056 3152 1088 0 500
g 3120 1056 3120 1072 0 0
t 3136 1024 3136 1056 0 1 -3.711961724560817 3.811961724375318e-9 100 default
t 3280 1024 3280 1056 0 1 -4.031065081065779 4.131065080864752e-9 100 default
g 3264 1056 3264 1072 0 0
r 3296 1056 3296 1088 0 500
R 3296 1088 3264 1088 0 0 40 5 0 0 0.5
r 3280 1008 3280 1024 0 1000
d 3296 1056 3232 992 2 default
t 3280 960 3280 992 0 1 -4.031065081065779 4.131065080864752e-9 100 default
g 3264 992 3264 1008 0 0
r 3296 992 3296 1024 0 500
R 3296 1024 3264 1024 0 0 40 5 0 0 0.5
r 3280 944 3280 960 0 1000
d 3296 992 3232 928 2 default
w 3232 992 3232 928 0
w 3232 1056 3232 992 0
w 3136 1072 3280 1072 0
w 3136 944 3280 944 0
w 3136 1008 3280 1008 0
t 3280 1088 3280 1120 0 1 -4.031065081065779 4.131065080864752e-9 100 default
g 3264 1120 3264 1136 0 0
r 3296 1120 3296 1152 0 500
R 3296 1152 3264 1152 0 0 40 5 0 0 0.5
r 3280 1072 3280 1088 0 1000
d 3296 1120 3232 1056 2 default
d 2416 624 2416 656 2 default
d 2512 624 2512 656 2 default
L 2512 624 2512 592 0 0 false 5 0
L 2416 624 2416 592 0 0 false 5 0
w 2560 704 2464 704 0
w 2544 752 2544 704 0
w 2560 752 2544 752 0
w 2448 752 2464 752 0
w 2448 656 2512 656 0
w 2448 752 2448 656 0
w 2448 672 2416 656 0
w 2544 672 2448 672 0
w 2544 704 2544 672 0
r 2512 688 2512 656 0 100000
r 2416 688 2416 656 0 100000
R 2560 704 2592 704 0 0 40 5 0 0 0.5
r 2464 752 2464 704 0 10000
r 2560 752 2560 704 0 10000
w 2528 752 2544 752 0
w 2432 752 2448 752 0
g 2496 752 2496 784 0 0
g 2400 752 2400 784 0 0
t 2512 688 2512 752 0 1 -2.618012816747165 0.09007909779559277 100 default
t 2416 688 2416 752 0 1 0.48871181160756594 0.5787906408465857 100 default
w 2480 880 2432 784 0
d 2432 784 2448 656 2 default
x 1998 884 2158 887 4 24 write\s1\sactivate
x 1997 826 2157 829 4 24 write\s0\sactivate
L 2064 912 2000 912 0 0 false 5 0
w 2064 912 2288 912 0
w 2288 912 2432 912 0
w 2432 912 2576 912 0
w 2576 912 2720 912 0
w 2720 912 2864 912 0
w 2864 912 3008 912 0
w 3008 912 3152 912 0
w 3152 912 3296 912 0
L 2064 800 2000 800 0 0 false 5 0
d 2480 880 2432 880 2 default
d 2464 816 2544 672 2 default
d 2464 816 2416 880 2 default
M 2464 816 2464 768 0 2.5
r 2464 816 2448 800 0 1000
w 2448 800 2304 800 0
r 2320 816 2304 800 0 1000
M 2320 816 2336 784 0 2.5
d 2320 816 2272 880 2 default
d 2336 880 2288 880 2 default
w 2336 880 2272 576 0
M 2336 880 2336 832 0 2.5
r 2288 912 2336 880 0 1000
w 2272 880 2288 880 0
w 2304 800 2064 800 0
d 2304 608 2384 464 2 default
d 2272 576 2288 448 2 default
t 2256 480 2256 544 0 1 -4.5230039868928475 0.072117356594617 100 default
t 2352 480 2352 544 0 1 0.5085060231896645 0.5806229190812096 100 default
g 2240 544 2240 576 0 0
g 2336 544 2336 576 0 0
w 2272 544 2288 544 0
w 2368 544 2384 544 0
r 2400 544 2400 496 0 10000
r 2304 544 2304 496 0 10000
R 2400 496 2432 496 0 0 40 5 0 0 0.5
r 2256 480 2256 448 0 100000
r 2352 480 2352 448 0 100000
w 2384 496 2384 464 0
w 2384 464 2288 464 0
w 2288 464 2256 448 0
w 2288 544 2288 448 0
w 2288 448 2352 448 0
w 2288 544 2304 544 0
w 2400 544 2384 544 0
w 2384 544 2384 496 0
w 2400 496 2304 496 0
L 2256 416 2256 384 0 0 false 5 0
L 2352 416 2352 384 0 0 false 5 0
d 2352 416 2352 448 2 default
d 2256 416 2256 448 2 default
w 2320 816 2304 608 0
w 2608 816 2592 608 0
d 2544 416 2544 448 2 default
d 2640 416 2640 448 2 default
L 2640 416 2640 384 0 0 false 5 0
L 2544 416 2544 384 0 0 false 5 0
w 2688 496 2592 496 0
w 2672 544 2672 496 0
w 2688 544 2672 544 0
w 2576 544 2592 544 0
w 2576 448 2640 448 0
w 2576 544 2576 448 0
w 2576 464 2544 448 0
w 2672 464 2576 464 0
w 2672 496 2672 464 0
r 2640 480 2640 448 0 100000
r 2544 480 2544 448 0 100000
R 2688 496 2720 496 0 0 40 5 0 0 0.5
r 2592 544 2592 496 0 10000
r 2688 544 2688 496 0 10000
w 2656 544 2672 544 0
w 2560 544 2576 544 0
g 2624 544 2624 576 0 0
g 2528 544 2528 576 0 0
t 2640 480 2640 544 0 1 -2.61801281674717 0.09007909779558805 100 default
t 2544 480 2544 544 0 1 0.48871181160757055 0.578790640846586 100 default
d 2560 576 2576 448 2 default
d 2592 608 2672 464 2 default
w 2592 800 2448 800 0
w 2560 880 2576 880 0
r 2576 912 2624 880 0 1000
M 2624 880 2624 832 0 2.5
w 2624 880 2560 576 0
d 2624 880 2576 880 2 default
d 2608 816 2560 880 2 default
M 2608 816 2624 784 0 2.5
r 2608 816 2592 800 0 1000
w 2736 800 2592 800 0
r 2752 816 2736 800 0 1000
M 2752 816 2752 768 0 2.5
d 2752 816 2704 880 2 default
d 2752 816 2832 672 2 default
d 2768 880 2720 880 2 default
d 2720 784 2736 656 2 default
w 2768 880 2720 784 0
t 2704 688 2704 752 0 1 0.4887634565355078 0.578794058810304 100 default
t 2800 688 2800 752 0 1 -2.6213444028597177 0.0900308711706364 100 default
g 2688 752 2688 784 0 0
g 2784 752 2784 784 0 0
w 2720 752 2736 752 0
w 2816 752 2832 752 0
r 2848 752 2848 704 0 10000
r 2752 752 2752 704 0 10000
R 2848 704 2880 704 0 0 40 5 0 0 0.5
r 2704 688 2704 656 0 100000
r 2800 688 2800 656 0 100000
w 2832 704 2832 672 0
w 2832 672 2736 672 0
w 2736 672 2704 656 0
w 2736 752 2736 656 0
w 2736 656 2800 656 0
w 2736 752 2752 752 0
w 2848 752 2832 752 0
w 2832 752 2832 704 0
w 2848 704 2752 704 0
L 2704 624 2704 592 0 0 false 5 0
L 2800 624 2800 592 0 0 false 5 0
d 2800 624 2800 656 2 default
d 2704 624 2704 656 2 default
M 2768 880 2768 832 0 2.5
t 2688 832 2688 880 0 1 0.6195357064729993 0.6374634492045776 100 default
w 2656 928 2656 832 0
g 2672 880 2672 896 0 0
r 2656 832 2688 832 0 1000
r 2720 912 2768 880 0 1000
w 2704 880 2720 880 0
r 2512 832 2544 832 0 1000
g 2528 880 2528 896 0 0
w 2512 928 2512 832 0
t 2544 832 2544 880 0 1 0.6120104531486669 0.6299380239686051 100 default
w 2896 816 2880 608 0
d 2832 416 2832 448 2 default
d 2928 416 2928 448 2 default
L 2928 416 2928 384 0 0 false 5 0
L 2832 416 2832 384 0 0 false 5 0
w 2976 496 2880 496 0
w 2960 544 2960 496 0
w 2976 544 2960 544 0
w 2864 544 2880 544 0
w 2864 448 2928 448 0
w 2864 544 2864 448 0
w 2864 464 2832 448 0
w 2960 464 2864 464 0
w 2960 496 2960 464 0
r 2928 480 2928 448 0 100000
r 2832 480 2832 448 0 100000
R 2976 496 3008 496 0 0 40 5 0 0 0.5
r 2880 544 2880 496 0 10000
r 2976 544 2976 496 0 10000
w 2944 544 2960 544 0
w 2848 544 2864 544 0
g 2912 544 2912 576 0 0
g 2816 544 2816 576 0 0
t 2928 480 2928 544 0 1 -2.6180128167471755 0.0900790977955825 100 default
t 2832 480 2832 544 0 1 0.4887118116075765 0.5787906408465864 100 default
d 2848 576 2864 448 2 default
d 2880 608 2960 464 2 default
w 2880 800 2736 800 0
w 2848 880 2864 880 0
r 2864 912 2912 880 0 1000
M 2912 880 2912 832 0 2.5
w 2912 880 2848 576 0
d 2912 880 2864 880 2 default
d 2896 816 2848 880 2 default
M 2896 816 2912 784 0 2.5
r 2896 816 2880 800 0 1000
w 3024 800 2880 800 0
r 3040 816 3024 800 0 1000
M 3040 816 3040 768 0 2.5
d 3040 816 2992 880 2 default
d 3040 816 3120 672 2 default
d 3056 880 3008 880 2 default
d 3008 784 3024 656 2 default
w 3056 880 3008 784 0
t 2992 688 2992 752 0 1 0.4887634565355078 0.578794058810304 100 default
t 3088 688 3088 752 0 1 -2.6213444028597177 0.0900308711706364 100 default
g 2976 752 2976 784 0 0
g 3072 752 3072 784 0 0
w 3008 752 3024 752 0
w 3104 752 3120 752 0
r 3136 752 3136 704 0 10000
r 3040 752 3040 704 0 10000
R 3136 704 3168 704 0 0 40 5 0 0 0.5
r 2992 688 2992 656 0 100000
r 3088 688 3088 656 0 100000
w 3120 704 3120 672 0
w 3120 672 3024 672 0
w 3024 672 2992 656 0
w 3024 752 3024 656 0
w 3024 656 3088 656 0
w 3024 752 3040 752 0
w 3136 752 3120 752 0
w 3120 752 3120 704 0
w 3136 704 3040 704 0
L 2992 624 2992 592 0 0 false 5 0
L 3088 624 3088 592 0 0 false 5 0
d 3088 624 3088 656 2 default
d 2992 624 2992 656 2 default
M 3056 880 3056 832 0 2.5
t 2976 832 2976 880 0 1 0.6195357064729992 0.6374634492045775 100 default
w 2944 928 2944 832 0
g 2960 880 2960 896 0 0
r 2944 832 2976 832 0 1000
r 3008 912 3056 880 0 1000
w 2992 880 3008 880 0
r 2800 832 2832 832 0 1000
g 2816 880 2816 896 0 0
w 2800 928 2800 832 0
t 2832 832 2832 880 0 1 0.6120104531486669 0.6299380239686051 100 default
w 3184 816 3168 608 0
d 3120 416 3120 448 2 default
d 3216 416 3216 448 2 default
L 3216 416 3216 384 0 0 false 5 0
L 3120 416 3120 384 0 0 false 5 0
w 3264 496 3168 496 0
w 3248 544 3248 496 0
w 3264 544 3248 544 0
w 3152 544 3168 544 0
w 3152 448 3216 448 0
w 3152 544 3152 448 0
w 3152 464 3120 448 0
w 3248 464 3152 464 0
w 3248 496 3248 464 0
r 3216 480 3216 448 0 100000
r 3120 480 3120 448 0 100000
R 3264 496 3296 496 0 0 40 5 0 0 0.5
r 3168 544 3168 496 0 10000
r 3264 544 3264 496 0 10000
w 3232 544 3248 544 0
w 3136 544 3152 544 0
g 3200 544 3200 576 0 0
g 3104 544 3104 576 0 0
t 3216 480 3216 544 0 1 -2.621344402859719 0.09003087117063505 100 default
t 3120 480 3120 544 0 1 0.48876345653551073 0.5787940588103039 100 default
d 3136 576 3152 448 2 default
d 3168 608 3248 464 2 default
w 3168 800 3024 800 0
w 3136 880 3152 880 0
r 3152 912 3200 880 0 1000
M 3200 880 3200 832 0 2.5
w 3200 880 3136 576 0
d 3200 880 3152 880 2 default
d 3184 816 3136 880 2 default
M 3184 816 3200 784 0 2.5
r 3184 816 3168 800 0 1000
w 3312 800 3168 800 0
r 3328 816 3312 800 0 1000
M 3328 816 3328 768 0 2.5
d 3328 816 3280 880 2 default
d 3328 816 3408 672 2 default
d 3344 880 3296 880 2 default
d 3296 784 3312 656 2 default
w 3344 880 3296 784 0
t 3280 688 3280 752 0 1 0.48878519646503443 0.5787954993567597 100 default
t 3376 688 3376 752 0 1 -2.6227487906377607 0.09001057193057288 100 default
g 3264 752 3264 784 0 0
g 3360 752 3360 784 0 0
w 3296 752 3312 752 0
w 3392 752 3408 752 0
r 3424 752 3424 704 0 10000
r 3328 752 3328 704 0 10000
R 3424 704 3456 704 0 0 40 5 0 0 0.5
r 3280 688 3280 656 0 100000
r 3376 688 3376 656 0 100000
w 3408 704 3408 672 0
w 3408 672 3312 672 0
w 3312 672 3280 656 0
w 3312 752 3312 656 0
w 3312 656 3376 656 0
w 3312 752 3328 752 0
w 3424 752 3408 752 0
w 3408 752 3408 704 0
w 3424 704 3328 704 0
L 3280 624 3280 592 0 0 false 5 0
L 3376 624 3376 592 0 0 false 5 0
d 3376 624 3376 656 2 default
d 3280 624 3280 656 2 default
M 3344 880 3344 832 0 2.5
t 3264 832 3264 880 0 1 0.6226586293748613 0.6405864300073874 100 default
w 3232 928 3232 832 0
g 3248 880 3248 896 0 0
r 3232 832 3264 832 0 1000
r 3296 912 3344 880 0 1000
w 3280 880 3296 880 0
r 3088 832 3120 832 0 1000
g 3104 880 3104 896 0 0
w 3088 928 3088 832 0
t 3120 832 3120 880 0 1 0.6195357064729992 0.6374634492045775 100 default
M 2048 224 2048 176 0 2.5
x 1835 143 2048 146 4 24 read\soutput\sinverted
w 2352 224 2048 224 0
L 2112 272 2048 272 0 0 false 5 0
w 2112 272 2224 272 0
r 2288 464 2288 320 0 10000
w 2288 320 2320 320 0
w 2304 368 2240 368 0
g 2240 368 2224 368 0 0
r 2336 368 2384 368 0 10000
w 2112 384 2128 336 0
w 2384 368 2384 272 0
w 2384 272 2224 272 0
w 2352 320 2352 224 0
t 2320 320 2320 368 0 1 0.06790982986872991 0.0683557979832729 100 default
w 2224 832 2224 320 0
r 2224 320 2288 320 0 1000
x 1918 307 2055 310 4 24 activate\sread
r 2512 320 2576 320 0 1000
w 2512 832 2512 320 0
t 2608 320 2608 368 0 1 0.6146256276543911 0.6325427489010443 100 default
w 2640 320 2640 224 0
w 2672 272 2512 272 0
w 2672 368 2672 272 0
r 2624 368 2672 368 0 10000
g 2528 368 2512 368 0 0
w 2592 368 2528 368 0
w 2576 320 2608 320 0
r 2576 464 2576 320 0 10000
w 2384 272 2512 272 0
w 2640 224 2352 224 0
r 2800 320 2864 320 0 1000
w 2800 832 2800 320 0
t 2896 320 2896 368 0 1 0.6146256276543911 0.6325427489010443 100 default
w 2928 320 2928 224 0
w 2960 272 2800 272 0
w 2960 368 2960 272 0
r 2912 368 2960 368 0 10000
g 2816 368 2800 368 0 0
w 2880 368 2816 368 0
w 2864 320 2896 320 0
r 2864 464 2864 320 0 10000
w 2672 272 2800 272 0
w 2928 224 2640 224 0
r 3088 320 3152 320 0 1000
w 3088 832 3088 320 0
t 3184 320 3184 368 0 1 0.6215177380038195 0.6394374620341479 100 default
w 3216 320 3216 224 0
w 3248 272 3088 272 0
w 3248 368 3248 272 0
r 3200 368 3248 368 0 10000
g 3104 368 3088 368 0 0
w 3168 368 3104 368 0
w 3152 320 3184 320 0
r 3152 464 3152 320 0 10000
w 2960 272 3088 272 0
w 3216 224 2928 224 0
r 2368 -176 2432 -176 0 1000
w 2368 832 2368 -176 0
t 2464 -176 2464 -128 0 1 0.6146256276543911 0.6325427489010443 100 default
w 2528 -128 2512 272 0
r 2480 -128 2528 -128 0 10000
g 2384 -128 2368 -128 0 0
w 2448 -128 2384 -128 0
w 2432 -176 2464 -176 0
r 2448 672 2432 -176 0 10000
r 2736 672 2720 -176 0 10000
w 2720 -176 2752 -176 0
w 2736 -128 2672 -128 0
g 2672 -128 2656 -128 0 0
r 2768 -128 2816 -128 0 10000
w 2816 -128 2800 272 0
t 2752 -176 2752 -128 0 1 0.6215177380038196 0.639437462034148 100 default
w 2656 832 2656 -176 0
r 2656 -176 2720 -176 0 1000
r 3024 672 3008 -176 0 10000
w 3008 -176 3040 -176 0
w 3024 -128 2960 -128 0
g 2960 -128 2944 -128 0 0
r 3056 -128 3104 -128 0 10000
w 3104 -128 3088 272 0
t 3040 -176 3040 -128 0 1 0.6215177380038196 0.639437462034148 100 default
w 2944 832 2944 -176 0
r 2944 -176 3008 -176 0 1000
r 3312 672 3296 -176 0 10000
w 3296 -176 3328 -176 0
w 3312 -128 3248 -128 0
g 3248 -128 3232 -128 0 0
r 3344 -128 3392 -128 0 10000
w 3392 -128 3248 272 0
t 3328 -176 3328 -128 0 1 0.6244232740250217 0.6423439039116579 100 default
w 3232 832 3232 -176 0
r 3232 -176 3296 -176 0 1000
d 2336 368 2352 320 2 default
d 2624 368 2640 320 2 default
d 2912 368 2928 320 2 default
d 3200 368 3216 320 2 default
d 3344 -128 3216 224 2 default
d 3056 -128 2928 224 2 default
d 2768 -128 2640 224 2 default
d 2480 -128 2352 224 2 default
