$ 1 0.000005 0.016668213447794653 9 5 43 5e-11
w 2128 1008 2272 1008 0
w 2128 944 2272 944 0
w 2128 1072 2272 1072 0
d 2272 1072 2224 1056 2 default
d 2272 1008 2224 992 2 default
d 2272 944 2224 928 2 default
t 2256 832 2256 880 0 1 0.03854472943936203 0.08919415979728273 100 default
w 2224 1056 2224 992 0
w 2224 992 2224 928 0
w 2224 928 2224 832 0
g 2240 880 2240 896 0 0
r 2224 832 2256 832 0 1000
w 2416 880 2432 880 0
r 2432 912 2480 880 0 1000
r 2368 832 2400 832 0 1000
g 2384 880 2384 896 0 0
w 2368 928 2368 832 0
w 2368 992 2368 928 0
w 2368 1056 2368 992 0
t 2400 832 2400 880 0 1 0.612010408948952 0.6299407220012546 100 default
d 2416 944 2368 928 2 default
d 2416 1008 2368 992 2 default
w 2272 1072 2416 1072 0
w 2272 944 2416 944 0
w 2272 1008 2416 1008 0
M 2480 880 2480 832 0 2.5
t 2416 1088 2416 1120 0 1 -2.9137862112327175 0.16090809566936498 100 default
g 2400 1120 2400 1136 0 0
r 2432 1120 2432 1152 0 500
R 2432 1152 2400 1152 0 0 40 5 0 0 0.5
r 2416 1072 2416 1088 0 1000
d 2432 1120 2368 1056 2 default
w 2416 1008 2560 1008 0
w 2416 944 2560 944 0
w 2416 1072 2560 1072 0
d 2560 1072 2512 1056 2 default
d 2560 944 2512 928 2 default
w 2512 1056 2512 992 0
w 2512 992 2512 928 0
t 2560 1024 2560 1056 0 1 -2.9137862112327184 0.16090809566936792 100 default
g 2544 1056 2544 1072 0 0
r 2576 1056 2576 1088 0 500
R 2576 1088 2544 1088 0 0 40 5 0 0 0.5
r 2560 1008 2560 1024 0 1000
d 2576 1056 2512 992 2 default
d 2720 1056 2656 992 2 default
r 2704 1008 2704 1024 0 1000
R 2720 1088 2688 1088 0 0 40 5 0 0 0.5
r 2720 1056 2720 1088 0 500
g 2688 1056 2688 1072 0 0
t 2704 1024 2704 1056 0 1 -3.5510553097489495 0.16090809630663702 100 default
w 2656 992 2656 928 0
w 2656 1056 2656 992 0
d 2704 944 2656 928 2 default
w 2560 1072 2704 1072 0
w 2560 944 2704 944 0
w 2560 1008 2704 1008 0
d 2720 1120 2656 1056 2 default
r 2704 1072 2704 1088 0 1000
R 2720 1152 2688 1152 0 0 40 5 0 0 0.5
r 2720 1120 2720 1152 0 500
g 2688 1120 2688 1136 0 0
t 2704 1088 2704 1120 0 1 -3.5510553097489517 0.16090809630663408 100 default
w 2704 1008 2848 1008 0
w 2704 944 2848 944 0
w 2704 1072 2848 1072 0
d 2848 1072 2800 1056 2 default
w 2800 1056 2800 992 0
w 2800 992 2800 928 0
d 2848 1008 2800 992 2 default
d 2864 992 2800 928 2 default
r 2848 944 2848 960 0 1000
R 2864 1024 2832 1024 0 0 40 5 0 0 0.5
r 2864 992 2864 1024 0 500
g 2832 992 2832 1008 0 0
t 2848 960 2848 992 0 1 -2.9137862112327166 0.1609080956693717 100 default
t 2992 960 2992 992 0 1 -3.551055309748949 0.16090809630664088 100 default
g 2976 992 2976 1008 0 0
r 3008 992 3008 1024 0 500
R 3008 1024 2976 1024 0 0 40 5 0 0 0.5
r 2992 944 2992 960 0 1000
d 3008 992 2944 928 2 default
d 2992 1008 2944 992 2 default
w 2944 992 2944 928 0
w 2944 1056 2944 992 0
w 2848 1072 2992 1072 0
w 2848 944 2992 944 0
w 2848 1008 2992 1008 0
d 3008 1120 2944 1056 2 default
r 2992 1072 2992 1088 0 1000
R 3008 1152 2976 1152 0 0 40 5 0 0 0.5
r 3008 1120 3008 1152 0 500
g 2976 1120 2976 1136 0 0
t 2992 1088 2992 1120 0 1 -3.551055309748956 0.16090809630663405 100 default
w 2992 1008 3136 1008 0
w 2992 944 3136 944 0
w 2992 1072 3136 1072 0
w 3088 1056 3088 992 0
w 3088 992 3088 928 0
d 3136 1072 3088 1056 2 default
d 3152 992 3088 928 2 default
r 3136 944 3136 960 0 1000
R 3152 1024 3120 1024 0 0 40 5 0 0 0.5
r 3152 992 3152 1024 0 500
g 3120 992 3120 1008 0 0
t 3136 960 3136 992 0 1 -3.5510553097489455 0.16090809630664082 100 default
d 3152 1056 3088 992 2 default
r 3136 1008 3136 1024 0 1000
R 3152 1088 3120 1088 0 0 40 5 0 0 0.5
r 3152 1056 3152 1088 0 500
g 3120 1056 3120 1072 0 0
t 3136 1024 3136 1056 0 1 -3.55105530974895 0.160908096306637 100 default
t 3280 1024 3280 1056 0 1 -3.8701581037583694 0.16090809662573985 100 default
g 3264 1056 3264 1072 0 0
r 3296 1056 3296 1088 0 500
R 3296 1088 3264 1088 0 0 40 5 0 0 0.5
r 3280 1008 3280 1024 0 1000
d 3296 1056 3232 992 2 default
t 3280 960 3280 992 0 1 -3.870158103758366 0.16090809662574354 100 default
g 3264 992 3264 1008 0 0
r 3296 992 3296 1024 0 500
R 3296 1024 3264 1024 0 0 40 5 0 0 0.5
r 3280 944 3280 960 0 1000
d 3296 992 3232 928 2 default
w 3232 992 3232 928 0
w 3232 1056 3232 992 0
w 3136 1072 3280 1072 0
w 3136 944 3280 944 0
w 3136 1008 3280 1008 0
t 3280 1088 3280 1120 0 1 -3.8701581037583725 0.16090809662573682 100 default
g 3264 1120 3264 1136 0 0
r 3296 1120 3296 1152 0 500
R 3296 1152 3264 1152 0 0 40 5 0 0 0.5
r 3280 1072 3280 1088 0 1000
d 3296 1120 3232 1056 2 default
d 2416 624 2416 656 2 default
d 2512 624 2512 656 2 default
L 2512 624 2512 592 0 0 false 5 0
L 2416 624 2416 592 0 0 false 5 0
w 2560 704 2464 704 0
w 2544 752 2544 704 0
w 2560 752 2544 752 0
w 2448 752 2464 752 0
w 2448 656 2512 656 0
w 2448 752 2448 656 0
w 2448 672 2416 656 0
w 2544 672 2448 672 0
w 2544 704 2544 672 0
r 2512 688 2512 656 0 100000
r 2416 688 2416 656 0 100000
R 2560 704 2592 704 0 0 40 5 0 0 0.5
r 2464 752 2464 704 0 10000
r 2560 752 2560 704 0 10000
w 2528 752 2544 752 0
w 2432 752 2448 752 0
g 2496 752 2496 784 0 0
g 2400 752 2400 784 0 0
t 2512 688 2512 752 0 1 -2.618015354355775 0.09008180981266461 100 default
t 2416 688 2416 752 0 1 0.48871118410680847 0.5787927253629933 100 default
w 2480 880 2432 784 0
d 2432 784 2448 656 2 default
x 1998 884 2158 887 4 24 write\s1\sactivate
x 1997 826 2157 829 4 24 write\s0\sactivate
w 2064 912 2288 912 0
w 2288 912 2432 912 0
w 2432 912 2576 912 0
w 2576 912 2720 912 0
w 2720 912 2864 912 0
w 2864 912 3008 912 0
w 3008 912 3152 912 0
w 3152 912 3296 912 0
d 2480 880 2432 880 2 default
d 2464 816 2544 672 2 default
d 2464 816 2416 880 2 default
M 2464 816 2464 768 0 2.5
r 2464 816 2448 800 0 1000
w 2448 800 2304 800 0
r 2320 816 2304 800 0 1000
M 2320 816 2336 784 0 2.5
d 2320 816 2272 880 2 default
d 2336 880 2288 880 2 default
w 2336 880 2272 576 0
M 2336 880 2336 832 0 2.5
r 2288 912 2336 880 0 1000
w 2272 880 2288 880 0
w 2304 800 2064 800 0
d 2304 608 2384 464 2 default
d 2272 576 2288 448 2 default
t 2256 480 2256 544 0 1 -4.522907345257597 0.07222214241367818 100 default
t 2352 480 2352 544 0 1 0.5084908240270873 0.5807125057540605 100 default
g 2240 544 2240 576 0 0
g 2336 544 2336 576 0 0
w 2272 544 2288 544 0
w 2368 544 2384 544 0
r 2400 544 2400 496 0 10000
r 2304 544 2304 496 0 10000
R 2400 496 2432 496 0 0 40 5 0 0 0.5
r 2256 480 2256 448 0 100000
r 2352 480 2352 448 0 100000
w 2384 496 2384 464 0
w 2384 464 2288 464 0
w 2288 464 2256 448 0
w 2288 544 2288 448 0
w 2288 448 2352 448 0
w 2288 544 2304 544 0
w 2400 544 2384 544 0
w 2384 544 2384 496 0
w 2400 496 2304 496 0
L 2256 416 2256 384 0 0 false 5 0
L 2352 416 2352 384 0 0 false 5 0
d 2352 416 2352 448 2 default
d 2256 416 2256 448 2 default
w 2320 816 2304 608 0
w 2608 816 2592 608 0
d 2544 416 2544 448 2 default
d 2640 416 2640 448 2 default
L 2640 416 2640 384 0 0 false 5 0
L 2544 416 2544 384 0 0 false 5 0
w 2688 496 2592 496 0
w 2672 544 2672 496 0
w 2688 544 2672 544 0
w 2576 544 2592 544 0
w 2576 448 2640 448 0
w 2576 544 2576 448 0
w 2576 464 2544 448 0
w 2672 464 2576 464 0
w 2672 496 2672 464 0
r 2640 480 2640 448 0 100000
r 2544 480 2544 448 0 100000
R 2688 496 2720 496 0 0 40 5 0 0 0.5
r 2592 544 2592 496 0 10000
r 2688 544 2688 496 0 10000
w 2656 544 2672 544 0
w 2560 544 2576 544 0
g 2624 544 2624 576 0 0
g 2528 544 2528 576 0 0
t 2640 480 2640 544 0 1 -2.618015354355778 0.09008180981266284 100 default
t 2544 480 2544 544 0 1 0.48871118410681 0.5787927253629932 100 default
d 2560 576 2576 448 2 default
d 2592 608 2672 464 2 default
w 2592 800 2448 800 0
w 2560 880 2576 880 0
r 2576 912 2624 880 0 1000
M 2624 880 2624 832 0 2.5
w 2624 880 2560 576 0
d 2624 880 2576 880 2 default
d 2608 816 2560 880 2 default
M 2608 816 2624 784 0 2.5
r 2608 816 2592 800 0 1000
w 2736 800 2592 800 0
r 2752 816 2736 800 0 1000
M 2752 816 2752 768 0 2.5
d 2752 816 2704 880 2 default
d 2752 816 2832 672 2 default
d 2768 880 2720 880 2 default
d 2720 784 2736 656 2 default
w 2768 880 2720 784 0
t 2704 688 2704 752 0 1 0.4887628107724319 0.5787961437439854 100 default
t 2800 688 2800 752 0 1 -2.621345721813061 0.09003360186718001 100 default
g 2688 752 2688 784 0 0
g 2784 752 2784 784 0 0
w 2720 752 2736 752 0
w 2816 752 2832 752 0
r 2848 752 2848 704 0 10000
r 2752 752 2752 704 0 10000
R 2848 704 2880 704 0 0 40 5 0 0 0.5
r 2704 688 2704 656 0 100000
r 2800 688 2800 656 0 100000
w 2832 704 2832 672 0
w 2832 672 2736 672 0
w 2736 672 2704 656 0
w 2736 752 2736 656 0
w 2736 656 2800 656 0
w 2736 752 2752 752 0
w 2848 752 2832 752 0
w 2832 752 2832 704 0
w 2848 704 2752 704 0
L 2704 624 2704 592 0 0 false 5 0
L 2800 624 2800 592 0 0 false 5 0
d 2800 624 2800 656 2 default
d 2704 624 2704 656 2 default
M 2768 880 2768 832 0 2.5
t 2688 832 2688 880 0 1 0.6195356636545049 0.6374654564127618 100 default
w 2656 928 2656 832 0
g 2672 880 2672 896 0 0
r 2656 832 2688 832 0 1000
r 2720 912 2768 880 0 1000
w 2704 880 2720 880 0
r 2512 832 2544 832 0 1000
g 2528 880 2528 896 0 0
w 2512 928 2512 832 0
t 2544 832 2544 880 0 1 0.6120104089489525 0.6299407220012551 100 default
w 2896 816 2880 608 0
d 2832 416 2832 448 2 default
d 2928 416 2928 448 2 default
L 2928 416 2928 384 0 0 false 5 0
L 2832 416 2832 384 0 0 false 5 0
w 2976 496 2880 496 0
w 2960 544 2960 496 0
w 2976 544 2960 544 0
w 2864 544 2880 544 0
w 2864 448 2928 448 0
w 2864 544 2864 448 0
w 2864 464 2832 448 0
w 2960 464 2864 464 0
w 2960 496 2960 464 0
r 2928 480 2928 448 0 100000
r 2832 480 2832 448 0 100000
R 2976 496 3008 496 0 0 40 5 0 0 0.5
r 2880 544 2880 496 0 10000
r 2976 544 2976 496 0 10000
w 2944 544 2960 544 0
w 2848 544 2864 544 0
g 2912 544 2912 576 0 0
g 2816 544 2816 576 0 0
t 2928 480 2928 544 0 1 -2.6180153543557654 0.0900818098126748 100 default
t 2832 480 2832 544 0 1 0.4887111841067995 0.5787927253629925 100 default
d 2848 576 2864 448 2 default
d 2880 608 2960 464 2 default
w 2880 800 2736 800 0
w 2848 880 2864 880 0
r 2864 912 2912 880 0 1000
M 2912 880 2912 832 0 2.5
w 2912 880 2848 576 0
d 2912 880 2864 880 2 default
d 2896 816 2848 880 2 default
M 2896 816 2912 784 0 2.5
r 2896 816 2880 800 0 1000
w 3024 800 2880 800 0
r 3040 816 3024 800 0 1000
M 3040 816 3040 768 0 2.5
d 3040 816 2992 880 2 default
d 3040 816 3120 672 2 default
d 3056 880 3008 880 2 default
d 3008 784 3024 656 2 default
w 3056 880 3008 784 0
t 2992 688 2992 752 0 1 0.48876281077242917 0.5787961437439854 100 default
t 3088 688 3088 752 0 1 -2.621345721813057 0.09003360186718475 100 default
g 2976 752 2976 784 0 0
g 3072 752 3072 784 0 0
w 3008 752 3024 752 0
w 3104 752 3120 752 0
r 3136 752 3136 704 0 10000
r 3040 752 3040 704 0 10000
R 3136 704 3168 704 0 0 40 5 0 0 0.5
r 2992 688 2992 656 0 100000
r 3088 688 3088 656 0 100000
w 3120 704 3120 672 0
w 3120 672 3024 672 0
w 3024 672 2992 656 0
w 3024 752 3024 656 0
w 3024 656 3088 656 0
w 3024 752 3040 752 0
w 3136 752 3120 752 0
w 3120 752 3120 704 0
w 3136 704 3040 704 0
L 2992 624 2992 592 0 0 false 5 0
L 3088 624 3088 592 0 0 false 5 0
d 3088 624 3088 656 2 default
d 2992 624 2992 656 2 default
M 3056 880 3056 832 0 2.5
t 2976 832 2976 880 0 1 0.6195356636545042 0.6374654564127612 100 default
w 2944 928 2944 832 0
g 2960 880 2960 896 0 0
r 2944 832 2976 832 0 1000
r 3008 912 3056 880 0 1000
w 2992 880 3008 880 0
r 2800 832 2832 832 0 1000
g 2816 880 2816 896 0 0
w 2800 928 2800 832 0
t 2832 832 2832 880 0 1 0.6120104089489525 0.6299407220012552 100 default
w 3184 816 3168 608 0
d 3120 416 3120 448 2 default
d 3216 416 3216 448 2 default
L 3216 416 3216 384 0 0 false 5 0
L 3120 416 3120 384 0 0 false 5 0
w 3264 496 3168 496 0
w 3248 544 3248 496 0
w 3264 544 3248 544 0
w 3152 544 3168 544 0
w 3152 448 3216 448 0
w 3152 544 3152 448 0
w 3152 464 3120 448 0
w 3248 464 3152 464 0
w 3248 496 3248 464 0
r 3216 480 3216 448 0 100000
r 3120 480 3120 448 0 100000
R 3264 496 3296 496 0 0 40 5 0 0 0.5
r 3168 544 3168 496 0 10000
r 3264 544 3264 496 0 10000
w 3232 544 3248 544 0
w 3136 544 3152 544 0
g 3200 544 3200 576 0 0
g 3104 544 3104 576 0 0
t 3216 480 3216 544 0 1 -2.621345721813058 0.0900336018671841 100 default
t 3120 480 3120 544 0 1 0.48876281077243067 0.5787961437439852 100 default
d 3136 576 3152 448 2 default
d 3168 608 3248 464 2 default
w 3168 800 3024 800 0
w 3136 880 3152 880 0
r 3152 912 3200 880 0 1000
M 3200 880 3200 832 0 2.5
w 3200 880 3136 576 0
d 3200 880 3152 880 2 default
d 3184 816 3136 880 2 default
M 3184 816 3200 784 0 2.5
r 3184 816 3168 800 0 1000
w 3312 800 3168 800 0
r 3328 816 3312 800 0 1000
M 3328 816 3328 768 0 2.5
d 3328 816 3280 880 2 default
d 3328 816 3408 672 2 default
d 3344 880 3296 880 2 default
d 3296 784 3312 656 2 default
w 3344 880 3296 784 0
t 3280 688 3280 752 0 1 0.48878454440148555 0.5787975845570075 100 default
t 3376 688 3376 752 0 1 -2.62274968481433 0.09001330919411514 100 default
g 3264 752 3264 784 0 0
g 3360 752 3360 784 0 0
w 3296 752 3312 752 0
w 3392 752 3408 752 0
r 3424 752 3424 704 0 10000
r 3328 752 3328 704 0 10000
R 3424 704 3456 704 0 0 40 5 0 0 0.5
r 3280 688 3280 656 0 100000
r 3376 688 3376 656 0 100000
w 3408 704 3408 672 0
w 3408 672 3312 672 0
w 3312 672 3280 656 0
w 3312 752 3312 656 0
w 3312 656 3376 656 0
w 3312 752 3328 752 0
w 3424 752 3408 752 0
w 3408 752 3408 704 0
w 3424 704 3328 704 0
L 3280 624 3280 592 0 0 false 5 0
L 3376 624 3376 592 0 0 false 5 0
d 3376 624 3376 656 2 default
d 3280 624 3280 656 2 default
M 3344 880 3344 832 0 2.5
t 3264 832 3264 880 0 1 0.6226585884131006 0.6405882059268885 100 default
w 3232 928 3232 832 0
g 3248 880 3248 896 0 0
r 3232 832 3264 832 0 1000
r 3296 912 3344 880 0 1000
w 3280 880 3296 880 0
r 3088 832 3120 832 0 1000
g 3104 880 3104 896 0 0
w 3088 928 3088 832 0
t 3120 832 3120 880 0 1 0.6195356636545045 0.6374654564127616 100 default
x 1835 143 2048 146 4 24 read\soutput\sinverted
w 2352 224 2048 224 0
w 2112 272 2224 272 0
r 2288 464 2288 320 0 10000
w 2288 320 2320 320 0
w 2304 368 2240 368 0
g 2240 368 2224 368 0 0
r 2336 368 2384 368 0 10000
w 2384 368 2384 272 0
w 2384 272 2224 272 0
w 2352 320 2352 224 0
t 2320 320 2320 368 0 1 0.06972295498084785 0.08765120627539674 100 default
w 2224 832 2224 320 0
r 2224 320 2288 320 0 1000
x 1918 307 2055 310 4 24 activate\sread
r 2512 320 2576 320 0 1000
w 2512 832 2512 320 0
t 2608 320 2608 368 0 1 0.6146253128386115 0.6325535646668257 100 default
w 2640 320 2640 224 0
w 2672 272 2512 272 0
w 2672 368 2672 272 0
r 2624 368 2672 368 0 10000
g 2528 368 2512 368 0 0
w 2592 368 2528 368 0
w 2576 320 2608 320 0
r 2576 464 2576 320 0 10000
w 2384 272 2512 272 0
w 2640 224 2352 224 0
r 2800 320 2864 320 0 1000
w 2800 832 2800 320 0
t 2896 320 2896 368 0 1 0.6146253128386118 0.632553564666826 100 default
w 2928 320 2928 224 0
w 2960 272 2800 272 0
w 2960 368 2960 272 0
r 2912 368 2960 368 0 10000
g 2816 368 2800 368 0 0
w 2880 368 2816 368 0
w 2864 320 2896 320 0
r 2864 464 2864 320 0 10000
w 2672 272 2800 272 0
w 2928 224 2640 224 0
r 3088 320 3152 320 0 1000
w 3088 832 3088 320 0
t 3184 320 3184 368 0 1 0.6215175059814858 0.639445757809024 100 default
w 3216 320 3216 224 0
w 3248 272 3088 272 0
w 3248 368 3248 272 0
r 3200 368 3248 368 0 10000
g 3104 368 3088 368 0 0
w 3168 368 3104 368 0
w 3152 320 3184 320 0
r 3152 464 3152 320 0 10000
w 2960 272 3088 272 0
w 3216 224 2928 224 0
r 2368 -176 2432 -176 0 1000
w 2368 832 2368 -176 0
t 2464 -176 2464 -128 0 1 0.6146253128386111 0.6325535646668253 100 default
w 2528 -128 2512 272 0
r 2480 -128 2528 -128 0 10000
g 2384 -128 2368 -128 0 0
w 2448 -128 2384 -128 0
w 2432 -176 2464 -176 0
r 2448 672 2432 -176 0 10000
r 2736 672 2720 -176 0 10000
w 2720 -176 2752 -176 0
w 2736 -128 2672 -128 0
g 2672 -128 2656 -128 0 0
r 2768 -128 2816 -128 0 10000
w 2816 -128 2800 272 0
t 2752 -176 2752 -128 0 1 0.6215175059814858 0.639445757809024 100 default
w 2656 832 2656 -176 0
r 2656 -176 2720 -176 0 1000
r 3024 672 3008 -176 0 10000
w 3008 -176 3040 -176 0
w 3024 -128 2960 -128 0
g 2960 -128 2944 -128 0 0
r 3056 -128 3104 -128 0 10000
w 3104 -128 3088 272 0
t 3040 -176 3040 -128 0 1 0.6215175059814859 0.639445757809024 100 default
w 2944 832 2944 -176 0
r 2944 -176 3008 -176 0 1000
r 3312 672 3296 -176 0 10000
w 3296 -176 3328 -176 0
w 3312 -128 3248 -128 0
g 3248 -128 3232 -128 0 0
r 3344 -128 3392 -128 0 10000
w 3392 -128 3248 272 0
t 3328 -176 3328 -128 0 1 0.6244230695920475 0.6423513214193478 100 default
w 3232 832 3232 -176 0
r 3232 -176 3296 -176 0 1000
d 2336 368 2352 320 2 default
d 2624 368 2640 320 2 default
d 2912 368 2928 320 2 default
d 3200 368 3216 320 2 default
d 3344 -128 3216 224 2 default
d 3056 -128 2928 224 2 default
d 2768 -128 2640 224 2 default
d 2480 -128 2352 224 2 default
207 2128 1072 2048 1072 4 addr0_lsb
207 2128 1008 2048 1008 4 addr1
207 2128 944 2048 944 4 addr2_msb
207 2064 912 1984 912 4 w1
207 2064 800 1984 800 4 w0
207 2112 272 2032 272 4 Ract
207 2048 224 1968 224 4 Rout
